019ab07d-f9d3-4534-98db-dbdc4abec93e,91,1764,2017-11-13 17:28:00.0,e8f21412_842a_431d_9919_f96408b1e69a
0244ceb7-886e-484b-bac0-bb3b59b2ec90,70,173,2017-11-13 17:28:00.0,aaa7e545_50eb_4e05_a82d_e13177ac0a4a
0354636e-3450-4211-b4b6-880720b217f5,98,1674,2017-11-13 17:28:00.0,d5940867_99a5_49d5_8a33_9006293b9c6b
07efe90a-a05c-435a-ab52-f010c1fcfe36,44,1193,2017-11-13 17:28:00.0,594919c4_35d6_4727_972e_709e0d11ecbd
085525ad-d811-4f21-bf8b-b7d476095339,7,1860,2017-11-13 17:28:00.0,77caa494_9d5d_423c_8cae_479e6272a004
0acbf851-9e61-4895-a4fb-dcbceeeedd0f,93,746,2017-11-13 17:28:00.0,14c44dde_4fae_4e8f_afff_24a4df9a10c3
0e853a98-4cac-42c0-b984-45d37d7ffc09,96,3518,2017-11-13 17:28:00.0,bf84f373_acaf_435d_a67b_211f65282fa4
0f4de30a-1636-45f4-b644-7ceb68be2e38,64,3357,2017-11-13 17:28:00.0,d7f1649e_3007_4da2_8038_2be8aef67176
0fb4e6b8-a54f-4264-911a-6b2d0ed04be5,88,2818,2017-11-13 17:28:00.0,7f08eb78_0c3d_4f50_8d9a_aa060427eefd
104c26fb-5fc1-40f9-8497-4da537de6a8e,76,2825,2017-11-13 17:28:00.0,770e6732_1da3_44aa_abb5_80291371e75b
1184bb35-918e-4c63-b578-64c9bec7f961,33,2643,2017-11-13 17:28:00.0,9be9b594_df1a_4edd_9352_8de1cc957078
13bd4cbb-4a66-4640-8e0c-274938bc491a,98,2437,2017-11-13 17:28:00.0,24b3fb56_4bb9_45cd_a8c1_cf4d1e6c42e3
13bdfb83-1c30-4fc1-a4d1-39fd170d0bd1,1,1465,2017-11-13 17:28:00.0,0f92f801_da05_4cc5_b276_e293eecfd217
1477eaf3-3b2e-4c45-9b38-d5202e06f159,19,490,2017-11-13 17:28:00.0,a8f08559_e6e5_4aa7_ac6c_e0e451b1d707
15a35bdc-522b-490b-b79a-ad7622ad64be,82,1956,2017-11-13 17:28:00.0,06047c4e_7822_4644_b506_4974f2bc71dc
163aab15-cbb6-4e2a-ae57-7e99961f1ff1,53,1444,2017-11-13 17:28:00.0,4f31ff08_6ef8_4973_95e5_974e6d220eb1
166d45fd-23b4-463f-b975-354d142de470,44,2739,2017-11-13 17:28:00.0,b0b45fe7_2dca_4f6b_aed4_d0e1567d7333
16c30913-e647-463f-9fc7-aa89c7dbe585,91,1451,2017-11-13 17:28:00.0,08855c9c_2633_4ab6_8445_278a9719accd
16c79e07-0c7b-4f05-b24f-932474ee0c33,71,1881,2017-11-13 17:28:00.0,106cae01_5740_4907_a0af_24a10c8850e3
1711897b-d133-49c8-806f-5193ee73755e,99,1519,2017-11-13 17:28:00.0,5723539e_d6ce_451e_8a94_e74ce6a90c74
17f9cbd8-8ff8-40d0-a13a-6587db77bd29,92,472,2017-11-13 17:28:00.0,96103d9e_bd33_4f32_b038_883bd5759364
181ac7cc-4b5b-476c-9f6e-1eba1b8724c4,44,1883,2017-11-13 17:28:00.0,3ac87264_6c2e_42fd_917e_67ec920e3800
1aba346a-fa69-4683-8b51-e87d1900d0e7,69,3119,2017-11-13 17:28:00.0,416ee8f2_2305_4f83_bb1c_ad21037099c1
1ba40fcf-c6b4-4e0d-862c-b8f583e990b6,70,1548,2017-11-13 17:28:00.0,28ca752d_84e2_40f0_98f2_db0351cb3746
1bbda807-1ed6-4658-8cd8-c0fc3ba0605c,96,1147,2017-11-13 17:28:00.0,0cd1a912_1c81_4f32_8beb_41323849bdab
1c1d0df0-8f78-43b2-ad2a-1d46e8cb520c,85,815,2017-11-13 17:28:00.0,a27d3298_6074_4188_a3ee_82de793f2636
1c39186e-a18b-48ed-bbb1-04b25420e805,90,1854,2017-11-13 17:28:00.0,4139d980_2071_4db4_aa6e_4f7dfcffdc53
1cce3147-4e09-4b47-bf6f-48dcac868fa2,39,3033,2017-11-13 17:28:00.0,9805ab36_a14c_4ecb_bde4_36af7fac2291
1ce3384a-9803-4304-a979-8ba1b98ca968,47,2519,2017-11-13 17:28:00.0,b8829486_d265_422b_8da3_b9544a754eca
1e597638-3ffb-4249-ae33-2bc50baa481d,13,474,2017-11-13 17:28:00.0,56d2422f_21ab_48dc_a15e_b9201e0d6f90
1f2ffbb7-12ea-48ee-bed4-1feeece00a45,84,2512,2017-11-13 17:28:00.0,06935ff9_f844_4124_95a7_9129ddfe2692
1fa08ee6-26e5-420e-b4c1-613f18b97909,88,791,2017-11-13 17:28:00.0,b5ff2929_0c6d_4609_af35_72bf6f7e6871
210feac8-73fd-4547-838d-bd0aaeb8ad78,12,1527,2017-11-13 17:28:00.0,b4551f47_324f_465d_865b_8784634d896a
244f589e-ecd8-4e48-89ed-1a6b5ee2c1ee,95,2216,2017-11-13 17:28:00.0,cdfe4707_469a_4cd2_8838_8e2869c805c5
25078423-5b31-4f8a-a14c-59fc226ebae6,46,1317,2017-11-13 17:28:00.0,b159d44c_75d0_4c19_a22d_8345c4e3170b
255de3c4-a8aa-428f-89ca-ffe6e3cb61aa,18,70,2017-11-13 17:28:00.0,1e7d77d4_7632_432b_adb9_fb928181cfaf
276464e9-408b-4af7-8303-382604246c72,75,2726,2017-11-13 17:28:00.0,cc8b6a53_0c29_483a_904a_734e1a9560ec
28468f3f-1afb-4c68-8695-473087ac2055,75,525,2017-11-13 17:28:00.0,4845178c_c6c8_4dde_a540_a58f9f6acdb3
2cd14a32-cf4a-4861-b1bc-a33597c2af97,15,1249,2017-11-13 17:28:00.0,5b11c150_466b_47de_9c3a_55780ad01de6
2e9b98c7-942d-428f-b6b6-d5fc85075bc0,54,1102,2017-11-13 17:28:00.0,7b6db4d6_ff7d_4ef9_a6aa_60ba3909f1c6
2ff6f19e-6f88-47e9-b567-092b604fa0ba,14,2944,2017-11-13 17:28:00.0,dc0cd21b_16ce_49d5_ad49_5760e326216c
3257901c-a6d9-4011-a660-44ada0bd2995,64,1392,2017-11-13 17:28:00.0,ddc9a0e1_7db8_472d_81fc_570ca22fa3df
332a9457-e189-4b32-a2f7-b59491efc6fb,66,407,2017-11-13 17:28:00.0,9175fad7_e848_48df_8743_a5590757f1b4
348c48a0-2401-4a81-8b7e-6f5d5a24fe8a,69,2893,2017-11-13 17:28:00.0,84e4e5cf_0e74_4e25_894a_c203475e8f03
34d90639-6f11-4cd3-ade5-db6a3e782c40,33,713,2017-11-13 17:28:00.0,465e2440_d9a0_4ad5_8f46_35bdeba65001
3638838d-d465-4bdd-b623-a5ff8964ac5e,51,2254,2017-11-13 17:28:00.0,8e355aac_cd39_4648_8f41_62f3bd1cecd5
36800510-0073-4338-84b6-8961322f25e5,56,1515,2017-11-13 17:28:00.0,b538811d_e5c2_4cd3_947f_b1499ec40046
37e72728-ab75-409e-833d-e1896e79c554,54,2110,2017-11-13 17:28:00.0,2b1fc9de_7056_4195_9f85_040f29cecdfb
3894124b-e061-4d38-ba6a-677c3a72756d,62,1122,2017-11-13 17:28:00.0,6a2015b4_b76f_4936_8d53_3eea61b6eac6
38ea6646-21b9-4fa9-bec8-46372e3809e3,95,2390,2017-11-13 17:28:00.0,563b9c3e_8523_4ee3_b2ad_31315a693522
39c9ea21-82f3-4fcd-90e8-ba480fe98017,9,2408,2017-11-13 17:28:00.0,2b90ebd5_63d5_427a_84c9_ccb752922721
39f39878-9d7d-4401-a565-baf9f3a834e5,98,3430,2017-11-13 17:28:00.0,b03f7955_1159_4667_9ca4_d5354929acb1
3af38098-59be-4c4b-9fb7-22f1c3b2885a,60,529,2017-11-13 17:28:00.0,287ad445_5376_481c_9415_7286831ad6c7
3b4fa59b-d2ff-4df0-988e-02ee264a92b9,83,1401,2017-11-13 17:28:00.0,57857329_db02_4246_92f1_bbd2fb071174
3b97d21c-3d6c-4419-802e-ff5de4ea6d95,97,1123,2017-11-13 17:28:00.0,9f7f7289_2e97_440d_8334_323fc1831ccb
3df98c78-4877-4bba-a0cd-bc54f71c33ae,63,1413,2017-11-13 17:28:00.0,4e3fcae8_39ed_4e22_bc9c_6768fd5ae32b
421264c6-2b84-4df2-b494-073871256d80,99,802,2017-11-13 17:28:00.0,ec0a71bf_b000_4afd_a496_7420c995e720
42d1c8ba-075e-43d7-a600-e4beeed8cedf,94,186,2017-11-13 17:28:00.0,d6f4b132_e421_471e_a88d_1c92edcff9eb
43c8a9a9-abea-42f4-a40c-bf0c79facedb,92,2248,2017-11-13 17:28:00.0,995324e5_786c_43c5_b5a7_2aa5235fd08b
4544faa9-024f-4949-a5bd-fe1d506be171,62,1050,2017-11-13 17:28:00.0,5aa63ee7_86c1_4aa9_ba6e_9cb5bcadcef1
455616bb-7b75-419f-8cda-a51b5e3aacf7,48,3043,2017-11-13 17:28:00.0,a356441e_51c4_467b_b39f_db72b18d015d
46493660-0aae-43a9-99d2-20beb64319b6,66,1620,2017-11-13 17:28:00.0,717e2304_2e0f_4cad_acc5_dca06368f0e7
469e7e55-f84a-45c8-91c9-6bf3b5e7c256,15,1057,2017-11-13 17:28:00.0,fafa37eb_c7fa_4b01_a81e_d9c14c971a2a
47226aa4-cfbd-45ac-b300-856dec92fd66,51,2076,2017-11-13 17:28:00.0,6da8c30a_3a2c_41b4_adeb_6445b54c6b0d
4794771b-94a0-440b-a441-1e40987e5567,57,1281,2017-11-13 17:28:00.0,d8acce09_f740_416f_9466_d9cbc580fe92
47a467e1-eb25-4d32-8cf3-a06e7fa7cf3b,50,2066,2017-11-13 17:28:00.0,06ae8a7c_276b_45b8_ada6_0e0abf6fdcce
4c22aaad-f2ac-4779-b0c7-00215820325f,29,2134,2017-11-13 17:28:00.0,ef45c6a5_1389_41ec_92ba_21c5f6396bd9
4c892ccd-fbcb-4b6d-97fc-0b1816551a8b,10,89,2017-11-13 17:28:00.0,7aebb6a3_2804_4c3b_a7a8_d7c4ac04175d
4dac655a-cb1b-448f-94d5-c445ff2551d5,10,2490,2017-11-13 17:28:00.0,4969e324_f4d5_4052_a7e4_823242d4401e
5270f466-5d4d-4def-8220-7b94c72a8410,76,3301,2017-11-13 17:28:00.0,ca40ff7a_7226_4be3_8377_c405c13eca33
53abd75b-ecc2-4970-b4dd-1524747d3c75,79,189,2017-11-13 17:28:00.0,9a169d2f_f352_4019_985f_0a0f95088c80
565378d0-1f78-4031-83d2-387f6ff91908,93,3151,2017-11-13 17:28:00.0,298f1ff2_3bfb_49de_8b65_544b637b0cf3
565daf51-7df1-4121-80f8-f30f4ebd10be,57,361,2017-11-13 17:28:00.0,bcc5fa77_45cf_4b55_8b84_a2c01d79b8cb
58107259-9754-4a3c-a9a0-b8e23d6fd7bf,95,1159,2017-11-13 17:28:00.0,f8be40df_54d4_40ab_b69f_3960e62e8001
587f540c-1abf-4d62-baa8-e5ffbd90b8b0,64,2680,2017-11-13 17:28:00.0,ce24c411_ccad_4007_a846_1d3268aaab96
595c297e-6375-42de-b534-b8b24daf940e,88,2175,2017-11-13 17:28:00.0,e27243cd_7b02_46c5_a6bc_1b143ef36366
5a927393-711a-4298-8fab-39c51aee267d,65,2521,2017-11-13 17:28:00.0,aeda1712_8f5d_401c_b719_19bceda7b20f
5b41ed42-c84e-48b9-8ab2-98df66f08d11,1,1990,2017-11-13 17:28:00.0,909b8680_ee15_423e_b4eb_0a796f33a032
5bc85084-8ed3-4203-9b2d-d3d6cc57bd92,61,2677,2017-11-13 17:28:00.0,80a4f56a_360d_4e34_ae00_27d460ece999
5be50afb-5ee2-4ae8-806b-f2f878bf64b6,42,2270,2017-11-13 17:28:00.0,99229d0f_bfbd_4583_a438_2434a76af2cf
5c4520ee-f475-4c92-b3a3-ee934bbdcd7d,26,2259,2017-11-13 17:28:00.0,f0a77aef_f2a4_41b2_813b_e8fc9ef9f6db
5e7934b9-186c-4302-a706-0a5328da287a,47,3198,2017-11-13 17:28:00.0,64158d37_2ef8_4a76_87a8_205ac5b69767
5fd3d5b2-c829-416a-985d-7555a12d6443,27,3270,2017-11-13 17:28:00.0,b5fa82d8_5a0b_4543_b26e_56d43602d432
5fd95aa6-8b69-458f-8856-8b6b3ae08322,49,230,2017-11-13 17:28:00.0,831bfe0f_ae31_4fcf_a623_c8f2856c4376
62550f96-168b-4d78-8334-277b953bd942,62,894,2017-11-13 17:28:00.0,38ee2378_39bb_4a4d_8109_f7467a8e36c4
6b1086e5-0b37-41d9-bdea-4126d851e017,31,1449,2017-11-13 17:28:00.0,d5b39e47_19df_44e5_a226_dd6ef94296b4
6b92142f-1561-40d3-b775-3f9d701bcdf3,5,2090,2017-11-13 17:28:00.0,e92d3244_a0ca_43fc_b9d6_4bcfd8f5a298
6e2a0ace-f28f-4e9a-b378-3a6f8273d40e,90,1954,2017-11-13 17:28:00.0,018e4c86_9020_4e5e_aeaa_566ae232a080
6f82dd1f-9369-4d39-8e4e-cd4c29d2fcf4,72,1899,2017-11-13 17:28:00.0,5a293e65_c3fd_410b_973d_79f8dd209753
6fa2c916-89d6-4dbc-9a44-066b3b89097a,94,194,2017-11-13 17:28:00.0,783cd1eb_7241_4347_9215_32379ede10a9
752ee2fa-50b5-463c-98ab-c5c983087c81,31,2024,2017-11-13 17:28:00.0,3143d5a6_0280_4e44_a18c_5778e339694d
757a9498-1fb1-4451-b2f4-d04e7c36083e,78,2545,2017-11-13 17:28:00.0,122eae61_a387_49ed_9a79_874b58947de2
77db742d-d25d-4b59-bb2f-19b69a6f2147,88,48,2017-11-13 17:28:00.0,fc058bad_dfad_4c0d_addc_a636ed68f89c
7966e05a-0c22-4e82-9523-5ce7e1dd9c78,46,713,2017-11-13 17:28:00.0,2b3569ec_5fda_4265_9867_89a8d30db0ba
79e6d6b0-d40b-43f6-81aa-e6a296e88771,37,338,2017-11-13 17:28:00.0,d6126363_379c_4b42_8b8a_722b6c871a45
7b1c7a8d-87ef-436f-882d-da21e7b5af84,24,3126,2017-11-13 17:28:00.0,5de90220_0295_4768_b89f_ab445918a897
7c71e68d-fac5-4444-b611-529ca22f11ec,16,1935,2017-11-13 17:28:00.0,0017c233_f54c_4808_8586_ffe0de9908d5
7c7b4e77-0cc3-40b5-8f63-5fd4f81e4473,53,1038,2017-11-13 17:28:00.0,39d10e37_6ea6_4f2d_9063_759752f8117d
7d6f2e23-db08-4074-bff8-c99c6869c614,55,791,2017-11-13 17:28:00.0,f04d5336_c724_48ba_af25_e437fd61fd00
7d916fca-6560-405c-b06c-b5f83c4ea19f,75,2962,2017-11-13 17:28:00.0,024a3278_1e25_4f9d_b190_747002ca215e
7dfe99ed-7e93-4017-9a31-05b56ef87279,40,646,2017-11-13 17:28:00.0,660d6ec8_090b_4bce_aa56_f8b60db73318
8063c8f7-4e3c-4aed-97e2-362878f09ee9,34,1341,2017-11-13 17:28:00.0,b2ec8f19_13f7_4a65_8210_4937f78971d2
81979b10-2fb9-44c9-9aee-03c02e373b91,79,788,2017-11-13 17:28:00.0,3dc84ce5_de04_4dd2_ada0_0802d954a1e5
833c7ead-c67d-408d-9212-7b3292468bc4,92,37,2017-11-13 17:28:00.0,f405e0f8_87e6_48a7_9059_96cd1e02cf3a
85d8d784-321b-4320-a529-d7dcf6243b7e,23,370,2017-11-13 17:28:00.0,ec3f7877_2892_4d54_a7f5_ab3698f72c35
8665e65d-0974-4c29-8e88-fee660707895,97,2551,2017-11-13 17:28:00.0,4406cf86_4959_426f_8016_e06fddda60dd
88ed9eef-3fb6-42af-a9f8-a2d52406fcb8,69,98,2017-11-13 17:28:00.0,c7510202_82d7_46a2_a339_993be718a22a
894060a3-ab51-4614-93fb-3d52f0038e9e,93,2773,2017-11-13 17:28:00.0,8d19aee9_e53e_42ff_b15a_33b25bef53df
89dc2f52-c6a0-47ad-b4f4-66a559093c26,77,2084,2017-11-13 17:28:00.0,b57cd977_5ce7_4882_a140_5b2d70bcf96f
8bc0eefb-d590-4ef6-8178-13eede1954ce,82,215,2017-11-13 17:28:00.0,97f2e251_6847_46eb_8312_44bf9fc72b1d
8eaf1038-e88d-4630-8594-937229aa6e8f,14,2615,2017-11-13 17:28:00.0,3f137adf_7bc1_4eaa_8720_f22a09650a5c
8f0e7d6b-fd2b-4e1a-8f2b-4e0774da9031,54,3518,2017-11-13 17:28:00.0,5c45f365_3179_43b9_824d_8e61ecb7a1b9
8f22959c-7d59-4df6-ba7f-ee5908daab31,96,2917,2017-11-13 17:28:00.0,7aae29f4_f2e9_4649_b60f_5e6425f1b014
8f23d112-7da5-41f0-a17d-de1da2d31430,72,1333,2017-11-13 17:28:00.0,4a7f2195_1234_49b5_8956_0b17e4607e1f
9016807b-37aa-4f9e-8333-e03ca7f87b02,29,1039,2017-11-13 17:28:00.0,2ec9cce5_8968_48d8_8baa_14c004b44755
90c92dfc-7386-42ac-aa4c-fac4fd38601b,74,3408,2017-11-13 17:28:00.0,a31a9fff_fcc4_491e_b748_435601772ce0
92155e14-db0b-4b27-95de-904c95e9d108,37,254,2017-11-13 17:28:00.0,6ff1c42a_0e55_4f2c_b2fb_c86d1d13e682
92ed6b1c-54d9-4936-9ec1-4197ca9f9fa7,23,2169,2017-11-13 17:28:00.0,6ea2dd3c_b02c_4356_ae93_67e8d3900753
932003ed-5726-4f2f-84b8-55c1c94e2d25,27,1474,2017-11-13 17:28:00.0,6ef787ef_b293_4541_ad63_b3abb89ea078
93795e5a-1187-4f8e-9923-0e0212ff8a41,78,2785,2017-11-13 17:28:00.0,03f2f4e9_b0be_463b_87bc_620918d630d9
94e95997-e3dc-48b9-927c-74b85332d288,12,1148,2017-11-13 17:28:00.0,d11d45ae_851f_47e2_a662_26781db4f248
9562863b-cc42-4fe2-a36c-ad852ec51128,42,829,2017-11-13 17:28:00.0,65a89da4_fc68_488d_ab3b_f3b83493bd1c
979b160d-4521-4268-859b-ea32441ec4c8,24,1770,2017-11-13 17:28:00.0,664278ab_86d5_42b5_a9a7_031dd31221dc
98d0e221-6011-429f-8920-c9fc81525334,44,2501,2017-11-13 17:28:00.0,5153e58e_3103_47a1_aa17_e10592311345
9d011c5f-51fd-476b-a2a7-150e782761bb,97,1570,2017-11-13 17:28:00.0,27a99037_d927_457a_b4a3_7ed9f3d390d1
9e3a22b1-9c09-4e1f-be95-bac4b7cca6cd,49,1603,2017-11-13 17:28:00.0,0c287535_46b9_4f8d_9849_317fa515aa49
9f17c47b-3df8-45b1-8980-d3f063924085,70,157,2017-11-13 17:28:00.0,8edb0a32_e88e_4030_a197_89feb235e669
a0d87eee-03e7-4ab2-a3db-b33717808146,65,153,2017-11-13 17:28:00.0,725c7eae_8353_480b_900c_b163a31a8b13
a28ffcd9-938f-428b-8c11-df1539489599,41,2944,2017-11-13 17:28:00.0,0036dc9c_e369_4e9a_8894_79e05390d037
a2f98cc2-7316-47e5-9a42-eccf3a2691f5,29,1980,2017-11-13 17:28:00.0,6d648c14_70c0_4140_9395_d68f2b9843a7
a3268af2-c0c4-4d45-9ca6-3837f03d3fa6,17,789,2017-11-13 17:28:00.0,72d41198_4693_4f0a_91bc_f00477ab195a
a418c28c-4425-4500-850e-1bbcc5e9d8f8,82,502,2017-11-13 17:28:00.0,c5a1f238_e0d5_421e_a0c0_19d90d766723
a422a000-cdc0-430e-88bd-c9367b95418c,2,3413,2017-11-13 17:28:00.0,4f797657_f887_467b_b70b_928484d71bf9
a8cc65ee-b456-46e3-89ac-f58d13eeada4,84,976,2017-11-13 17:28:00.0,779c2a23_75c2_4583_ae21_46720d22303d
acc88090-62e9-4757-8a6f-e251bbab018d,99,2790,2017-11-13 17:28:00.0,97625de1_15e3_463c_b241_f6f7a096e816
add984bb-2e9e-4b86-971e-76444194ca90,14,2014,2017-11-13 17:28:00.0,05f9250c_729a_4ccc_8e21_e6831e051adc
af144162-5126-4de3-89ed-4c367bb1f6d3,66,3330,2017-11-13 17:28:00.0,c4dc496f_725b_4e4c_8bd8_3f0e672389eb
b07b3e3c-4e8f-4e4f-b2c6-740543df5920,40,1526,2017-11-13 17:28:00.0,13e19b9e_eadf_484a_911c_697225a4d3b4
b08e1ae2-742c-46a5-8c7a-35c8e3bd8ad1,42,882,2017-11-13 17:28:00.0,ce53f8b8_9186_4811_8d93_40352704e31f
b123d335-72d2-4f82-aa71-ac34a48b4aeb,23,2242,2017-11-13 17:28:00.0,678677df_54a2_42a8_99ab_fca2d7705e9c
b495985b-4649-4b62-8483-8979bcf6f51d,49,2159,2017-11-13 17:28:00.0,ddc44f22_a3ad_4efb_9028_e8affec6f4a3
b5315d87-eec9-41ab-b07e-4ff1e836208d,95,2558,2017-11-13 17:28:00.0,967d5e39_ab19_44b0_a6e4_30538eb6423c
b6edbc53-0a74-4c20-addd-3a0fe0f51244,21,2866,2017-11-13 17:28:00.0,fa203154_086c_4ffe_a769_f7272e25be9f
b8226b35-2abe-4daf-9a13-75c2e03c4f9c,77,2107,2017-11-13 17:28:00.0,524d86e9_36ad_42ca_b925_1bd053616769
b8e524ab-e760-4fd5-9acf-f9d0de0ada97,21,2615,2017-11-13 17:28:00.0,2b234bc6_a923_466e_8646_4b25a4b8dc17
b8f94d35-46d8-4bac-9a50-ab58b00c4500,100,2376,2017-11-13 17:28:00.0,092bee27_492d_486f_a036_1d251cf26bc4
baee74f9-e65f-412e-b35d-92f3d5d4ebd5,5,2461,2017-11-13 17:28:00.0,e35b21c5_ba53_4325_b972_c2db8b7a5817
bcb5c08d-9fb3-4f89-8eac-57d398c9629d,75,309,2017-11-13 17:28:00.0,bfe6b37e_dc7d_4736_b1b5_7cc858649eb6
bcf9e38f-5e60-42b3-9d96-299d1b729122,17,3311,2017-11-13 17:28:00.0,a4ef1083_7114_4c98_9291_846b8155713a
be6d4be3-f349-4774-b745-f8a82a832ef8,3,3307,2017-11-13 17:28:00.0,e9b7bc05_bbe4_4f7e_abd5_18f3c4e8b22c
bf0b9547-1c8e-4fae-8b61-6004ae2957bf,24,385,2017-11-13 17:28:00.0,85b1a3dd_e671_4953_ae05_b7888eac900f
bfcd7ff2-7a66-4b80-92c8-129b6ab00db2,83,3419,2017-11-13 17:28:00.0,27d24cdb_77c8_44b4_8c2b_1a20e0a59315
c090393c-90c7-4ab9-8cfe-36ee1ac0d843,90,1037,2017-11-13 17:28:00.0,319ca513_f5c6_44ea_b722_e5289648c265
c0fa1196-75a3-4c81-a755-8182aff13b0c,100,3583,2017-11-13 17:28:00.0,e576f0a8_17fd_4a8c_9b64_86ee88c5eece
c2234ab3-b253-4107-8979-91969d7d846b,78,995,2017-11-13 17:28:00.0,d698f235_6745_4cd2_a900_39c119ae560d
c3b4a118-c57a-4d27-8115-7b1ceb4a2ad6,79,559,2017-11-13 17:28:00.0,d5a8ca25_ad78_4cd5_bcaa_88533550c9ed
c3c5235f-5362-4bee-afcc-004331d49654,45,2254,2017-11-13 17:28:00.0,833fefaf_beea_48d2_ab9a_fc3efe24b7f3
c47bb2b6-2947-452e-9bed-6644eea88e0b,41,2734,2017-11-13 17:28:00.0,e1ea6354_7b05_420c_8dbe_43eeef54a66e
c557863d-660f-4f03-a24d-ea3897cb220f,4,2810,2017-11-13 17:28:00.0,ed7fc652_9830_4848_973e_67ec47bd8c17
c704dc28-dea0-4ff9-a701-7b2675991c42,39,1575,2017-11-13 17:28:00.0,72478f11_bfa4_468a_9a22_8abc960262d5
c8210025-33c6-418d-9c59-2da9d0f4d632,64,899,2017-11-13 17:28:00.0,94b22159_6eaf_49a8_9ed4_2e5db0dcc54a
c97f95c8-e22b-4382-8907-f6194364a5e3,4,1986,2017-11-13 17:28:00.0,b8c5efab_d5b4_40ce_a4e0_f66df9193c77
cb510d0e-22bc-43b3-9ee5-574c450ee953,24,3094,2017-11-13 17:28:00.0,2067b300_41fa_4503_be0d_c75a37612cf0
cbd17200-06ae-4e9a-b02f-a95f731939d9,1,402,2017-11-13 17:28:00.0,5de4dd38_876b_46e0_8cfa_2976fbea579d
cd806fb2-9a8b-4640-8527-f324e2108fa6,21,3021,2017-11-13 17:28:00.0,b0b1f4a3_4095_4725_ad76_d8cb616992ff
ce7e2ba8-78dc-4593-9ac0-b5ff76580e14,98,1354,2017-11-13 17:28:00.0,db95c66a_5493_4647_b9e7_3e00d6a0b401
ceaefbc8-b8ff-4924-8068-f933dea070d4,45,1535,2017-11-13 17:28:00.0,21d38d84_924b_46ca_afba_1e25cc26c376
d187becf-35d6-4abd-a9d1-1ae41bbd19e1,32,2262,2017-11-13 17:28:00.0,81e7a3b7_08e8_4c46_b983_51dbac24d269
d3a4e8b6-b343-403f-85a8-d97e337f8f83,34,955,2017-11-13 17:28:00.0,8bcfccb3_a7cd_41c6_b644_b267d640f01f
d3b89e16-cc13-4855-b0e1-85befd107125,5,1165,2017-11-13 17:28:00.0,f59de558_fb71_42f6_ab53_7107ee8e9cc6
d5784981-fc34-4967-94bf-7b71fc42e99a,49,2377,2017-11-13 17:28:00.0,0ff0c862_08d7_43fa_bfac_b734082c2669
d7ae8bfe-0ffa-4588-9929-a4514145ee48,32,2959,2017-11-13 17:28:00.0,bff852c9_5072_4f33_bfe1_fb9a5f560653
da5c41d2-816f-4987-b135-52bd59d66c3e,64,2334,2017-11-13 17:28:00.0,3289683e_c45e_481e_a46b_d2a5c2aba849
dbbcd739-a6c3-4580-bff5-a03bf759ee77,11,2572,2017-11-13 17:28:00.0,f4ce0b23_3ede_4671_8eb6_8e5c1853787a
dd6cd5ee-9551-42a9-a5ab-a90c4b637e2c,57,3385,2017-11-13 17:28:00.0,8f3b9f98_75f1_427e_9872_0674e04d8a58
dde676b5-ffa0-42bd-be64-3caa08a90511,63,547,2017-11-13 17:28:00.0,9c40ae68_1a78_421d_9aae_6f2bd145e4a5
de63fb37-6efc-43a4-8401-8f0239480f33,78,3380,2017-11-13 17:28:00.0,dc544714_08ab_40bd_adc1_3b6e321998e9
de9f8023-2640-49dc-b05d-b6b15ac303f5,56,2661,2017-11-13 17:28:00.0,ba04947c_3416_469b_ab9a_fe3506a0cc15
e1c0d4b4-59d0-43bd-b1d9-3636d30cb5fa,60,2920,2017-11-13 17:28:00.0,c946f449_c47f_4130_9a58_b8260db53137
e25a4060-2c6a-4be5-b809-2366e313d32f,61,3310,2017-11-13 17:28:00.0,f0562465_ea8b_4f17_9ad3_359314a1f104
e32e5804-9e63-438c-95e3-805c1a6eae7c,60,2386,2017-11-13 17:28:00.0,61265505_84f0_4e73_89bd_15821a8667f5
e3e54204-3038-43c9-83aa-33c0e071d64d,72,1299,2017-11-13 17:28:00.0,88e1a580_13c2_4048_9c2e_83ad81a2ccf0
e4ea0109-440d-4001-a643-c7f394618f38,19,3512,2017-11-13 17:28:00.0,bba1cd41_f210_4ab9_b899_9feb3e8c0f03
ea025310-d150-4c07-b758-4fd9245102eb,24,2649,2017-11-13 17:28:00.0,3a35b11b_b330_4da7_a829_890805f9a858
ea7decec-ad46-489a-b5a9-dfe8a6cd7768,18,3453,2017-11-13 17:28:00.0,de9cb308_9f1b_4b89_aabe_1e5b551525a8
eb2c2354-49b6-4122-bb2e-798a21cbe001,44,2604,2017-11-13 17:28:00.0,e4ef34c6_a96f_4783_b3a0_9bbbb8b3f295
f056409d-2992-4666-a660-3344eb938088,100,992,2017-11-13 17:28:00.0,53d62161_ad4c_4ed4_b9ff_0aa66f9163bc
f09654a3-a013-44b9-aac7-da2309570101,42,818,2017-11-13 17:28:00.0,3deeef0e_e87c_4943_9361_af020c3dbe5c
f09be9f6-8b69-41f8-b8ea-24d300cf1870,9,2612,2017-11-13 17:28:00.0,a1513cce_5d52_47c5_b21f_69806af863d9
f16db747-e052-4e59-a80f-1621ba0e5623,70,157,2017-11-13 17:28:00.0,3decc451_6611_43c8_9fdd_24c3dc6aaee8
f21ccd44-346d-4c80-8581-6fce2bcaad47,82,1489,2017-11-13 17:28:00.0,7b06b64c_cda3_4227_a1c4_23169c1181e4
f6b9341b-6612-42bd-9b7a-a6c6bb8bb969,22,1505,2017-11-13 17:28:00.0,74318b20_f599_47c4_b2e1_d0595fe5df91
f7789e8f-dc74-43d2-8e84-e490c4148825,73,1700,2017-11-13 17:28:00.0,15fa95fd_0f7b_42fa_9786_49258b7521a6
f7d93c8d-55c8-4d00-ba71-3e53a4864e51,17,2719,2017-11-13 17:28:00.0,b4dbca52_1118_4ca6_950b_add0ad91b152
f9c99873-6c39-46d1-9e3a-76d89a759d4f,62,3577,2017-11-13 17:28:00.0,357f225d_d4dd_4496_ae54_988a284e739f
fc5c2066-9835-40ca-8dfe-ba5c8dbce23b,34,2169,2017-11-13 17:28:00.0,f9a17721_ba3d_4889_841f_520f1e9e454e
fcba7183-b222-4cae-bb5e-3eadcb26dd59,70,3172,2017-11-13 17:28:00.0,7dea057c_5faa_43f6_81a6_9003d8f97162
fd00709e-79bc-45ae-b41a-2624d3349c4f,13,3086,2017-11-13 17:28:00.0,c9f4484e_b44a_4a2c_99fc_b7561253038b
fe1767fe-9a99-4710-9c20-dfabd1ec4597,99,2542,2017-11-13 17:28:00.0,76643cac_3995_42a8_b646_8290d8782963
ff88e9f0-3ec2-49cc-97dc-3b18b8000f23,21,2028,2017-11-13 17:28:00.0,e14eab61_2ea8_4291_8f7a_c5ad7e032d90
