02bbc306-5eb3-4c37-b24d-859376e7b2e4,25,2017-11-12 18:30:00.0,d9515683_b052_4772_8107_006afb768dd5
03690c46-ec34-487e-a0c8-4f8ff1eed734,61,2017-11-12 18:30:00.0,e0eb5a00_d5a3_439d_9794_7022a19429d7
03e159b3-b40e-4888-a614-857048e00069,58,2017-11-12 18:30:00.0,b65856bb_4544_449c_badc_3f5feaddb41d
03ec7a02-b440-4655-bf77-7fc97760ca49,83,2017-11-12 18:30:00.0,06d39773_fd40_4c34_bb0d_a23a05ff48c5
0759053e-ca33-47dc-be6f-c026d50f51bc,97,2017-11-12 18:30:00.0,ba7cc92c_61d2_4a93_bc3b_b1f8363b6548
076acf9f-805c-46cd-9a54-250738c5a9c7,83,2017-11-12 18:30:00.0,6e46192c_7002_4a6c_9b39_be03a5df139b
09248f33-f5d0-434a-b5a6-3ee74669a34e,14,2017-11-12 18:30:00.0,894becff_f636_4af4_94ff_55f411bda285
0d0e563d-f98c-4d4a-903a-92b38aec029c,10,2017-11-12 18:30:00.0,f8af32a3_be07_4eb5_a72e_8ea6d8fb80b9
0fd08941-0431-45ed-b73e-c8efbd4111ac,59,2017-11-12 18:30:00.0,d97f840f_1741_4163_bd76_2ac1c07079c8
11d538c5-7fe6-4d61-b426-8291d538eef3,83,2017-11-12 18:30:00.0,e3d9a7a6_53bd_44bf_b2b6_00a4512c42a0
13916a68-3b9e-45d5-8e51-7a77580d1e64,93,2017-11-12 18:30:00.0,24fb4380_12d6_4bd5_9766_ce3eb8498631
13df585c-1830-4e45-b445-7d70f2a359a6,40,2017-11-12 18:30:00.0,b662f46b_8e64_4b88_8b2a_23dded980a8d
149df92c-3360-4091-b045-cb1ca8280a2b,66,2017-11-12 18:30:00.0,4a5405c0_898f_44fd_89e0_e1b300191765
1504ab0e-148a-4b53-8335-0a5cda13e7ac,71,2017-11-12 18:30:00.0,ae1dcd86_c0b8_49f8_a772_b9ff19ee3c8e
15c5b7c6-7010-4d74-ba74-1735d6fc2c34,56,2017-11-12 18:30:00.0,efd3366a_d0b1_495e_8343_cc9a0e0d45b8
1830f7b6-a0fa-4902-b961-18fa6d809bad,9,2017-11-12 18:30:00.0,17663c77_1cf1_4401_9a33_96478de32b38
1a6aa609-c751-42af-b994-4a2a3e217a3b,72,2017-11-12 18:30:00.0,51931ede_ec45_45d6_af98_fd414c4a0d37
1f332e53-6dce-42c0-9a94-5fb930fcd229,58,2017-11-12 18:30:00.0,cae9113f_233a_4315_8bc9_f4fee90bd4af
1ffba4be-36f5-4915-9ec9-97b0431bf691,90,2017-11-12 18:30:00.0,1eb99a46_c887_4434_a389_8e3bd5298426
20f05c4a-cbb4-4701-b414-579172763ea7,28,2017-11-12 18:30:00.0,102d3fa1_1188_46ab_9f32_49cccd95b174
2253f281-c510-4a66-a1ae-3b95333e5ce4,61,2017-11-12 18:30:00.0,7a7c8295_7880_4314_b816_a92ae238f867
235f860d-ae74-4347-90cc-b9b536feb5e8,28,2017-11-12 18:30:00.0,b20c2c95_9dfb_4e66_b177_a971333c2da1
23b9dd63-d3d2-43e2-ac4f-40ec9ec62cca,83,2017-11-12 18:30:00.0,334aa85c_c1f0_43b2_a3ea_1b40b03e0eef
254e8a27-fa01-4779-b94c-bfb371c8e613,48,2017-11-12 18:30:00.0,962c0bb8_d7ab_4a93_8cdf_19630075abf1
256f3db7-8a57-488d-a802-24a71e9f582c,78,2017-11-12 18:30:00.0,fd1bfe3b_fb8e_4dd7_bdbb_172241c06a49
25bc672a-b606-4741-9742-125b064ebabc,74,2017-11-12 18:30:00.0,add712e3_8a7e_4b6c_8396_a2e8271ab14f
2929442a-ad55-419c-bcd2-cfa0356938af,11,2017-11-12 18:30:00.0,0ae029b5_9584_4fac_8275_93cd162b6a74
29b9cdc2-f80b-48b4-ba20-2963de1866d1,12,2017-11-12 18:30:00.0,29a9e39e_f73b_441c_9709_71b9f90b54df
29fa9c6d-d1be-4255-af99-025bf5fc7ecf,77,2017-11-12 18:30:00.0,aeb16631_4d6b_445d_939c_b073b91d389d
2b9e9657-1c08-4b80-a4f8-45bd7f00f921,7,2017-11-12 18:30:00.0,9fe70628_6bcc_4005_b642_a41939b4769d
2dcf38bd-9655-4ca6-88c2-88d791156218,69,2017-11-12 18:30:00.0,f22803f7_0605_4c55_ae2b_adce4fca7dc9
2f268065-314d-4fed-a972-3fcc58c74e2d,16,2017-11-12 18:30:00.0,b311a130_6e48_45dd_b2e2_8e3d51907ce3
32342c56-6096-49f1-bf33-3ab9d829b945,69,2017-11-12 18:30:00.0,48997f5e_01cd_4508_9f35_9a30eeb9e6b0
32504f9c-f79a-4ed8-99b6-8c0c2bee1ef9,91,2017-11-12 18:30:00.0,584ad761_0097_417e_b8bb_0a624338d673
338dd1ce-f83d-4625-b764-25c421a29004,11,2017-11-12 18:30:00.0,12626405_4464_4889_bed9_9b371930598c
33b32524-624d-4b28-b19e-b50651bbf89e,70,2017-11-12 18:30:00.0,1aa62150_d040_459d_80c1_9ff6d1ddf58e
36147d01-98ed-493a-b09d-b1d84fbdb05c,88,2017-11-12 18:30:00.0,478cf300_eab6_40b9_8e4a_7b8883189107
36726547-de73-42af-8191-7c47b7b1af1a,42,2017-11-12 18:30:00.0,18f52c05_c634_4f3c_8217_260aeb89423e
3716d6f7-84b8-402a-907a-d265c9127612,78,2017-11-12 18:30:00.0,1b80ee8f_f7de_4861_93b7_b1c3db570c56
376b5933-4e89-455e-b36a-adaa5d6d0305,90,2017-11-12 18:30:00.0,aee190e3_d3fd_4fa3_bdb8_c625c8b32b45
3777a307-73f1-45b6-903a-65b98b17d32f,63,2017-11-12 18:30:00.0,a130a95f_72d8_4bdb_980e_bcb3112e16db
37fb7e27-ff4c-45f6-b74e-f442960c7ff4,43,2017-11-12 18:30:00.0,adf7f977_0be0_43b6_bdeb_e46283152731
3887b260-3ad9-4d55-b249-16f141c15565,81,2017-11-12 18:30:00.0,b685f33f_89db_418d_81f7_da956974c47e
3b99af0c-51d7-4702-adfd-781615ce141c,7,2017-11-12 18:30:00.0,f3e9ab9b_4dc7_4a2c_8b21_29b745534cd2
3c76b852-2de3-4073-be40-d235ce8bc720,14,2017-11-12 18:30:00.0,5900c4ac_80a1_4614_bba3_263853f9f31d
3c7b021c-08fd-4580-b9cb-14e45d8d3cf6,74,2017-11-12 18:30:00.0,05bf5976_ab35_4bba_83f4_ac0bcb303df6
3ef6973b-37e1-4ff3-b411-c2129cadebe8,35,2017-11-12 18:30:00.0,2ec75e53_938e_4adb_bf90_3b04d4aee592
408a30e7-b0c2-44ab-9ed9-340c73c139e6,39,2017-11-12 18:30:00.0,b9604ef9_7bb2_416f_8be9_84548022f3f4
427afaa8-16f8-4d3d-b0a4-302ed13a4eca,82,2017-11-12 18:30:00.0,9e4e4a3c_3390_4274_8b80_017050c65a8d
438a17b4-cbb6-414a-b0b0-d6e0978837cb,9,2017-11-12 18:30:00.0,4cc6cff9_a97c_4f2b_8ab6_84a6bf858b8b
45076983-9195-4489-a365-e758132802a9,9,2017-11-12 18:30:00.0,cd1afcaa_0d3b_4bf9_be8b_ed9b68992afe
458e7b71-93be-40a8-b443-94d04e6922ca,73,2017-11-12 18:30:00.0,32f62f31_a72d_4c73_81bb_12823f8b986d
45f06ec3-85c2-4d4d-b299-e90db6014f57,29,2017-11-12 18:30:00.0,536d92db_246f_4444_9f4d_b53432330431
45faea5d-4aef-400b-aaa4-69acd6168464,4,2017-11-12 18:30:00.0,2c724fdd_125b_413b_b5cb_c4f66b4bd54e
46b736e6-f03b-4054-a047-5ce3f198d5b4,93,2017-11-12 18:30:00.0,f179cc87_c65f_4277_90c3_a2589b503f1f
481e6731-85a2-42f5-9d6c-0764fa75b00d,11,2017-11-12 18:30:00.0,1a3cf7a0_f21f_4b23_842f_bb467fab76b8
488f17bc-29a6-46c5-96d4-191e3b51cf3a,46,2017-11-12 18:30:00.0,c4c28678_422c_468d_aada_9a9678c8d48a
48f59f3a-e128-498e-9e02-9cce651fbc99,68,2017-11-12 18:30:00.0,230eee2b_ad1e_4ac9_b412_84ca5a386d7e
4b2246d0-3d0c-4a2c-8818-398a05513d80,63,2017-11-12 18:30:00.0,8341f6a4_7e67_41b2_9381_07bfdb4c74df
4b35ddc3-ca59-4ff5-90f2-00a99b1104a4,80,2017-11-12 18:30:00.0,c427532c_cdef_45b4_8bf4_96107d0c6beb
4b81345b-b900-47fb-ac51-7150c05851f0,88,2017-11-12 18:30:00.0,b2a018bb_5e4f_49e5_8dd4_3cbda8eda47b
4c77e23c-a0dc-4281-b1ea-5c72ba11116c,96,2017-11-12 18:30:00.0,f10d3f58_9d67_454c_b709_ccb1a1b64118
4e5df311-d5df-43bb-9a3e-e116476f1ffc,92,2017-11-12 18:30:00.0,f8195f7d_d836_4c85_81d7_4d081683edc9
4ebe7104-239f-4131-ac42-a3d1e7eb7069,78,2017-11-12 18:30:00.0,0e511b03_79b1_4eb3_9ca2_9cdaddba62d3
50442749-4b74-4781-8d96-f309d6e175b9,91,2017-11-12 18:30:00.0,66af0522_41ad_47ca_85b6_b0744c9ea66b
50bcd6a0-4aeb-48a0-b36e-96029b16e2d5,65,2017-11-12 18:30:00.0,5a96f80e_e270_40cc_b06b_19f87b0a7473
519637e3-ac00-4d5c-9149-5f664e1d57b2,64,2017-11-12 18:30:00.0,55444b53_4456_42c5_bf1b_93b549385e0a
54e954cd-f9b4-4f6d-a271-8851452a0016,37,2017-11-12 18:30:00.0,160c4da3_d7f1_4348_add2_3d843434dd6c
56731b33-5fd6-4513-bd5d-a3ed4ca519b1,49,2017-11-12 18:30:00.0,f969cf99_17f9_4428_b8fb_6665586f89be
586ecdc5-1a63-43db-9a64-79f81e3c0754,63,2017-11-12 18:30:00.0,090bbf83_61da_4156_9a2b_a5d778c41e07
5a18c1b4-1182-402f-8687-9265549136b4,52,2017-11-12 18:30:00.0,83339dbf_ae0f_463d_a27b_1d8e8eb9690e
5a891e79-5db6-46c8-a2e9-12623631ccee,20,2017-11-12 18:30:00.0,70190958_c2f7_4922_8f0b_f25a499488ba
5cbd3f18-b385-47b0-a184-69b84a957cfd,93,2017-11-12 18:30:00.0,bdeb0aff_7730_45ee_bd43_c5d9836167a0
5ce836d1-2e78-4fb2-bea3-c320f1e023c0,10,2017-11-12 18:30:00.0,4d378c1f_f6b9_4f6f_9be4_5cac897432a0
5d22d070-bf42-47ee-af83-a9756b1a7be3,97,2017-11-12 18:30:00.0,ac89c6ad_53b6_485a_b17b_ffec29ea0035
5ed288a0-a2dd-4e22-a1f5-2a99b217db0a,47,2017-11-12 18:30:00.0,eb2fdee8_b6df_48a1_b4fe_0f00ab908b08
60274115-566b-4036-97fd-f28985a4c3ff,29,2017-11-12 18:30:00.0,e194eb3a_df2a_43a7_9fa8_ebb0e03fa50b
6039e95a-bbe6-47b5-9100-279d5a67457a,34,2017-11-12 18:30:00.0,c4c6f351_95f5_42cd_9ca8_3a4c59d81693
603af6b1-4d78-4b12-9e2b-a57dfb114a30,2,2017-11-12 18:30:00.0,e6774519_9ca0_4009_8013_3aff07b9bfe8
62dc327b-652c-43e9-bba9-d9a8f56702d5,54,2017-11-12 18:30:00.0,3062d986_16f0_4473_9fe0_d1c61bfbe8a5
6427df91-fd40-42b2-8a8b-07863ae43a8c,39,2017-11-12 18:30:00.0,a554ec34_bde1_4b42_904d_899096fd1772
642bb3d0-1b22-496c-8836-e52a16d8703b,80,2017-11-12 18:30:00.0,87593501_3bde_4ac6_95b7_eb8d67b4e7f1
645f5694-ee17-495b-aa55-c44eec743da9,36,2017-11-12 18:30:00.0,be4f8476_ba1f_4b42_88a9_fe8b31f54736
64675a25-6620-4f7b-a5ee-ba0ba2ee1dc0,17,2017-11-12 18:30:00.0,111d7012_c142_4d4b_a756_2d0a3c68d6ce
64a57a70-2cdb-4aff-a97c-77242af666b1,39,2017-11-12 18:30:00.0,564a8b72_e332_45eb_9291_58cb5caf39a4
674f6f8b-b8ff-40a1-8004-4b2b82c64d2d,46,2017-11-12 18:30:00.0,e482d15f_8f58_43c5_8223_23f2097c0a7a
69dd9280-51bc-4681-a05a-88db1f3bd8f5,83,2017-11-12 18:30:00.0,2c4b2d7a_1496_42c8_ad47_1d80f3190382
6ac2c187-b2ee-4088-adbb-afec2aac88f8,56,2017-11-12 18:30:00.0,71573eb7_39ee_439e_97af_1a0a78357a00
6b54dde6-104b-4f83-af15-f947d48a2c7f,33,2017-11-12 18:30:00.0,cb23b0ba_1602_416d_b273_4a7b708995d3
6bc06fe1-1419-4694-99e9-492211f93b1d,31,2017-11-12 18:30:00.0,bd922ff3_1c39_4119_b42d_c3b73ee08de3
6d504ded-80df-4a25-a426-2c2b2c4d33a1,90,2017-11-12 18:30:00.0,fbdd8c90_1de1_4082_a559_e46b34fceb3d
6d727f68-cdfe-47e6-b580-300372d7a392,16,2017-11-12 18:30:00.0,8b3ebb82_7a4c_4455_b9a4_4b564a788ddb
6e463059-c731-41d5-8483-93393bfbcac6,5,2017-11-12 18:30:00.0,736f1d2e_207f_4cae_99d8_8f7e3dcd3479
6ecd20e9-5212-4787-9c93-8076f7e53a88,42,2017-11-12 18:30:00.0,0d95c39a_ba4e_4fe1_8a68_0d10ca556c44
7186ea14-6786-48b6-9b50-f99a018ee63f,70,2017-11-12 18:30:00.0,93793206_f994_4043_b53b_baf29bb8542a
71ea8e59-7f45-45dc-a2ee-868b9e2e114a,93,2017-11-12 18:30:00.0,1f7a359a_95c3_4499_93c2_4624d823c2ab
7233353e-d310-4641-8f18-9e4918d3d1b9,8,2017-11-12 18:30:00.0,4f5091e9_1625_472d_8ec2_82817ddd55ec
76113a46-0340-410f-8c89-5ceca10ebc7a,57,2017-11-12 18:30:00.0,09b17242_1576_464e_9ef3_201bf9397540
7634e13c-e410-4347-bec3-545de8013d02,91,2017-11-12 18:30:00.0,ea0d4d6a_4477_4ae9_968e_4d1f5bbb06c3
76898191-b953-497e-8feb-9a2f43c93a43,42,2017-11-12 18:30:00.0,51398e7d_c3e3_4da8_8c2a_8069d9710d80
7b1001b1-8212-4e60-92f7-d5f247fa2b14,24,2017-11-12 18:30:00.0,8643330d_0ca2_4430_a3e6_24eb89990942
7b8632d4-34d8-42db-bddc-678a4cb83327,39,2017-11-12 18:30:00.0,871fd065_91dd_43cb_839d_447f3250905d
7c8ec7ed-c573-49b3-8029-15623e656c87,69,2017-11-12 18:30:00.0,aafee12a_f377_4fc9_81aa_6cb14c357de0
82d51d39-797b-4940-af2e-23a49876fa0e,33,2017-11-12 18:30:00.0,a0c5af7e_f400_46eb_ab24_23c372675ac8
83106966-4208-4c08-a6e9-0cd5667d802a,41,2017-11-12 18:30:00.0,fd97a4d5_8b51_4fea_8908_b3b2c2b9951d
84020567-0f9f-4ef6-9e96-06f75743dba4,30,2017-11-12 18:30:00.0,4e64cf1e_ad63_4299_b422_4fb27bfb2dc3
843883ea-a7bb-4e52-b673-c6716eee23c0,68,2017-11-12 18:30:00.0,34ab44fd_3f02_44e0_ac13_bf73d47bd88d
86c1abb9-70f2-4462-a5be-5005dfbe2c43,36,2017-11-12 18:30:00.0,48ec9043_4d33_4fc5_b79d_62eca3864f74
86c72c9f-d55c-419d-9359-05a3350a750c,8,2017-11-12 18:30:00.0,thermometer3
8819863d-2956-4cec-9be1-1aeabc846182,29,2017-11-12 18:30:00.0,00599d1c_8d64_474a_a94c_b22a84915847
8a2925b7-caac-410c-9042-c0f5b67bb3c3,70,2017-11-12 18:30:00.0,5081cf56_89eb_4d7c_bab6_1e7ca4719ea0
8a371085-75d6-47b9-a2e6-35d44702eed4,2,2017-11-12 18:30:00.0,78262250_7db9_484d_9abf_824d853608a6
8a403f57-d9e3-4aba-b12f-9f9be75d23e0,89,2017-11-12 18:30:00.0,72397b57_3fab_4e29_adc1_b4d2656ba2a8
8baf5d71-de9e-4ad8-b945-ce95dfddfde0,91,2017-11-12 18:30:00.0,61b0647e_c113_462a_a1e5_fa46cf70ffdd
8bb8d498-abd8-4eec-a792-f32ddd904799,59,2017-11-12 18:30:00.0,5e6d7a6e_39ca_47bb_84f9_0720ac5c61f3
8d06b81b-17fa-4876-99be-ffecc5908684,5,2017-11-12 18:30:00.0,ab6e71aa_23bd_46a0_8e01_bab86d934cc9
8e23b9a8-10cc-4c4a-989f-b3860085990e,30,2017-11-12 18:30:00.0,856f795c_6642_48ef_b27a_4eda99922467
9265f5d7-3e4b-4106-88f8-464c24c6023d,82,2017-11-12 18:30:00.0,5a018044_e648_4e28_a1df_397918ed64d4
926670a4-c4ae-4766-b307-fc86b771eebc,6,2017-11-12 18:30:00.0,ba7d9d30_4dd5_4e44_a863_39798c2f3ab0
92d939cd-d0ea-4849-9220-d3fe4bb7d54c,42,2017-11-12 18:30:00.0,1ada8fca_6192_4030_824a_b5bbc81d2c7c
935ccb40-2083-4a54-8148-8786884daf9f,20,2017-11-12 18:30:00.0,1e431b51_cbc0_40db_8e69_5d44d104a71f
948199c7-d4a1-4076-9922-3fe5e327a815,20,2017-11-12 18:30:00.0,235566a0_6da2_4470_bb34_94d8dfb75f61
966aa17c-9d0b-48ea-bba8-7a0eb202909a,22,2017-11-12 18:30:00.0,5e08cf27_1df4_45aa_94bc_da81ffd5f008
97716a3a-8305-43c8-ad31-98b1205998fa,56,2017-11-12 18:30:00.0,f4c31eef_8ca9_4331_8c36_0afd466ae791
9851b6d6-02a3-4239-8871-5b1acc88732a,37,2017-11-12 18:30:00.0,4079f5f2_1050_4353_912e_cbb8e23b99b8
998d015a-e1e1-4695-85e2-0f2fc24a5e0b,1,2017-11-12 18:30:00.0,f213ffa5_61a7_4b94_974f_cd15f5026f19
99c0403a-04c9-4a7f-8397-80ab4d3e67f7,92,2017-11-12 18:30:00.0,d95f7256_81d9_4295_b19b_c08591ccc7a9
99fa4d62-b13c-4506-b0b1-60d56bc7ba79,20,2017-11-12 18:30:00.0,7c171e2c_8547_43d6_9eb9_d1a53474dff8
9a51f1aa-d3b6-4981-a3da-4bd888b166da,95,2017-11-12 18:30:00.0,86dc529d_326f_4dda_9b31_160bac269a3b
9c7583c7-a3c5-4917-bf16-a11527b8fca0,99,2017-11-12 18:30:00.0,d0b690e4_516d_4922_9737_7b7f592c7111
9ea08a5e-8fa8-4bbc-ac71-b29e6e677f3c,42,2017-11-12 18:30:00.0,bf5a2222_17cc_4c08_a024_0d7a78959b11
9f4a5fe7-478a-43c2-a7d5-ce8065e9a698,85,2017-11-12 18:30:00.0,e14b9f73_fee3_442b_84d1_112f236040ea
a0473785-3389-410d-909e-46a733326468,33,2017-11-12 18:30:00.0,44c3ec22_728d_4a40_847e_e5bef45baa5f
a1470541-caf6-4260-a71e-bc59319ba69a,29,2017-11-12 18:30:00.0,7de06daf_c679_4ebc_bf5e_1311ee2432ee
a5d80652-878e-400f-8d0f-8e58a7729e7a,54,2017-11-12 18:30:00.0,85ec43a8_1fe9_4dc8_a1ba_3a35851229cf
a72bef75-5e27-43ee-9ca2-d0b3e8ba2189,22,2017-11-12 18:30:00.0,99b432d3_45d0_4bd7_96fb_0fd886a7232c
a79d0441-c5fd-4628-9a77-e4637b474fe2,75,2017-11-12 18:30:00.0,e19f953d_070f_43bd_a873_7129f7d06694
a7b52412-51fa-4b33-ba77-cddee4ba2cff,49,2017-11-12 18:30:00.0,95c26295_8966_4c6f_b180_4b08c1363152
a89cf099-3c13-408b-b42f-73d2142ec885,57,2017-11-12 18:30:00.0,4a9b9004_f273_4f60_b890_311aaf29df2c
a8cb8190-5ecc-428f-bea1-831b82e87e63,4,2017-11-12 18:30:00.0,52ff5073_b090_4068_8350_d18c73559035
a9073c4c-8a7b-464b-a3cb-455c0ebb2b11,81,2017-11-12 18:30:00.0,862ed17a_47b6_4bd2_ae97_c244d7db2a9c
a9cbc58c-cc0b-40d4-b18d-bfe5b9837561,70,2017-11-12 18:30:00.0,f45313e7_03df_460a_8000_46b1a41c23f4
ae3a9a35-ccf2-45a7-9962-73e0365e32a8,14,2017-11-12 18:30:00.0,d27a037b_f26f_4192_9097_5bf872fae051
aff2f617-f6e9-4aab-b10e-4d32ad436a24,41,2017-11-12 18:30:00.0,06c090d8_9528_48c8_8f14_b8767b211392
b1e19892-ab4d-4705-a3d6-08d7601b350f,93,2017-11-12 18:30:00.0,59f33d7d_e681_4d55_b50c_cfb3b34dc581
b34f5a06-81d6-46dd-9664-78361cb3de8e,13,2017-11-12 18:30:00.0,d11c6da3_0575_452c_96dd_e957b1687916
b5699909-f525-4faa-a3af-7dbab9a61db4,34,2017-11-12 18:30:00.0,493d82ef_fbc0_4a49_b3b1_cc0d741b4c4e
b593426c-25cb-4742-b2e1-d19af48aca87,97,2017-11-12 18:30:00.0,91b34192_d50c_4d3e_97b1_1fa6f4e8fab1
b80c842c-ac20-4f7f-8e63-88c872a2ab76,96,2017-11-12 18:30:00.0,110d75d5_eceb_4796_8cb5_cb4d197673ac
bb3d5ae6-3bba-41cc-ab19-c5b720524e28,69,2017-11-12 18:30:00.0,369b7482_8da6_470c_9974_2bf51391b0ea
bbbca361-edcb-46c4-8987-0a4454ad7a30,78,2017-11-12 18:30:00.0,4e772149_bb7f_4bad_b206_1fde98b8a94b
bdfd1edc-7384-41d2-a619-4b8a3710d527,65,2017-11-12 18:30:00.0,9e029332_3ebd_40f6_aaee_268c49cb9244
c03c3741-2f21-48f4-883a-2cdd4c178651,13,2017-11-12 18:30:00.0,3939d7ca_b788_476c_84b5_8269f5ad036d
c2a9cdcb-5bac-4a95-88dd-fd9ec8a3df64,96,2017-11-12 18:30:00.0,a111738f_b00b_4495_9537_601ac673ce6f
c41fbcfa-4dab-4dcc-bb99-cac7c6aa7cea,82,2017-11-12 18:30:00.0,c5a06957_5330_4bf1_b745_73ab30bf7677
c6688549-11aa-4344-83ae-13af2409a409,83,2017-11-12 18:30:00.0,774d1ed6_8cf0_454d_bddb_bc81a103cea2
c77d6a0e-e6ae-4121-b6b2-c879c007c507,26,2017-11-12 18:30:00.0,e0a821c6_6311_40ad_b1b0_50c7a76db492
c8bcf907-e4b1-4a31-8815-5582c4874cd5,63,2017-11-12 18:30:00.0,953d120f_2e61_4480_a763_5c8fa0571c67
ca228d33-0b24-43d1-8895-9598273f7f32,44,2017-11-12 18:30:00.0,b43cb9a7_d5ca_419a_aca9_26bac424b655
caf5b4b3-80ad-4c51-92cf-ea4f99f2f9a5,88,2017-11-12 18:30:00.0,6b43005c_a2fc_41e0_acf0_34ce9cf130f0
cb0d566f-cfff-4097-9556-3e8e760730d1,63,2017-11-12 18:30:00.0,370ccef6_d88c_4291_9f81_9644bc7e88b9
ccc7b171-5cd0-4e27-b69a-f192e3fb40d1,67,2017-11-12 18:30:00.0,f30a4c9c_3172_42b4_bb92_55b4b0f16dd8
cd32ed2f-c626-4cc2-88dd-640cdaee91d4,80,2017-11-12 18:30:00.0,674f4227_2c73_449f_8070_f592da7ee61d
ce566433-7b20-4395-9923-d8db8f165db8,49,2017-11-12 18:30:00.0,c9f77671_76e0_4365_9814_fcd0b08eac5b
d29cb4e0-47d8-42c0-91fd-228e4e4253a8,82,2017-11-12 18:30:00.0,4fbf0bf6_9ace_4c0b_94ed_6a3f28c2efda
d773d67c-515f-49bc-9637-62627088b699,72,2017-11-12 18:30:00.0,020f362c_49ce_4545_9d30_0cbe3c738046
d877f842-a40d-4d46-ba08-cf9cdbb746f5,36,2017-11-12 18:30:00.0,c5f1e50e_eca3_4757_b3ae_ac44cd4f1065
dac03f47-eb92-45ac-bb17-f6a0ce801018,69,2017-11-12 18:30:00.0,587af435_897a_496a_b9c3_4d523bd13b6c
df79b81c-518f-466a-98e5-61505e5e01d4,83,2017-11-12 18:30:00.0,31b49b15_69ad_4d2a_b83c_1972d0d0787b
df96672f-c621-45ac-983d-8e1b82942558,8,2017-11-12 18:30:00.0,d6baa35e_5358_420b_ab84_44279978c636
dfac5f9f-aff0-4cff-9725-857c8a35a8cb,22,2017-11-12 18:30:00.0,8fe50ec1_907c_4d4f_a735_f97b0ada8749
dffc74d3-0902-46a1-bc50-f7da744929f3,93,2017-11-12 18:30:00.0,ae05b6a5_c85d_4202_ac7b_cf818420e4e9
e406dfca-d52a-40a6-9b61-249d7b674e4a,85,2017-11-12 18:30:00.0,6928e651_11f1_4075_aa41_417003546e57
e45481b8-db1f-4909-be70-0fa791fbca27,30,2017-11-12 18:30:00.0,a36aaccd_e296_426b_a87b_1097f56052f8
e67bbd25-7842-4edc-ad7c-fc378e7ec15f,2,2017-11-12 18:30:00.0,9c8b1407_416e_45c9_b4a6_70c95e9a2a69
e78942df-0b3f-4af0-b34a-b2ffa72accfb,1,2017-11-12 18:30:00.0,2ce0513b_dd77_49c3_871e_2a145d4a4515
e881ec8e-1ee0-44f7-af66-9744ad0c9a3d,37,2017-11-12 18:30:00.0,f3ee2b95_8dae_40a4_90a8_b633469e39f9
e96ddf57-5c1b-4469-866a-eec4614c01b6,31,2017-11-12 18:30:00.0,9462ef2f_bfdb_4f1a_bf49_4fea78d5d2c8
e9f121e2-51d5-4753-89c0-bc65d75acc94,4,2017-11-12 18:30:00.0,9cb2fee1_9192_4769_9aa1_889b08d68bed
ea0f28b3-0893-4a9e-8b11-2e082de13c7e,73,2017-11-12 18:30:00.0,637b31c8_4da5_44f2_b757_9a1cef8de062
ee994be5-3641-4a29-806e-53402a46fb9f,33,2017-11-12 18:30:00.0,d966237b_9ec6_4ba8_a741_e2b6d9460d11
ef99a87b-18b9-46a6-b243-61f9ece4f6ae,13,2017-11-12 18:30:00.0,86ca0f7b_1c3d_4497_a315_2d3dbd9d435c
efaa9257-3e4b-4017-9df7-633238b7b91c,31,2017-11-12 18:30:00.0,4d8c269c_d321_4221_a27c_b8261236e4a2
f0061c14-690f-4e25-a819-14fce09ee18a,49,2017-11-12 18:30:00.0,17146d7a_8c70_46e8_aa4c_af4e7deb9da4
f18764c0-2f34-4e65-b442-5c9e901bf9f5,26,2017-11-12 18:30:00.0,19714ecd_622e_4366_b8c1_11230dd42934
f21f28bd-b439-4140-a0f4-286a4ed7ec63,49,2017-11-12 18:30:00.0,de819542_8fb4_4a0d_b151_763a3a826709
f237ecdd-3d15-4c0a-ba9f-1d3af06cb990,64,2017-11-12 18:30:00.0,09f220fb_4ddd_4cad_acc9_c7d87827baa7
f2461bc7-6c78-4e41-8231-6df2bbaeed59,63,2017-11-12 18:30:00.0,a60809d6_bb05_44e3_816e_0639f3de47ed
f31a0845-c413-4f30-9fae-71109ea8fa9f,75,2017-11-12 18:30:00.0,41fdafa8_b912_45ed_8812_4a3cb53f1631
f35b5e3b-38d9-4bd8-9839-aa1c91fe79f6,2,2017-11-12 18:30:00.0,2dc52273_e513_4a6c_98b2_b394dd67f237
f5ad7674-fc98-46f8-83b0-51caf0691a3c,44,2017-11-12 18:30:00.0,65d24bd7_dee9_4a11_8ab7_9393e6304d2c
f5d91051-3f3a-4cf6-9f1f-84347bd17d19,4,2017-11-12 18:30:00.0,0971a278_9d56_414e_9253_979f0e4c4ea8
f73fc2ae-a624-4668-8d64-c29e5728f16b,19,2017-11-12 18:30:00.0,8d8cc3cb_87cd_49b5_9770_1786f8fd8170
f90bfe62-2ab4-4f78-8c9e-388ae80b16a0,1,2017-11-12 18:30:00.0,eac924a2_5259_4033_9c63_bbe3812893b7
fc185728-aee6-42ec-a7cc-e26032ce34de,52,2017-11-12 18:30:00.0,1f6579e2_c051_4f85_a2f1_a73815a2ca38
fcceec66-bdc7-4319-9b48-b8f7d1f112aa,39,2017-11-12 18:30:00.0,161b7f6b_bac5_4f47_a07b_da29f1ed57b9
fd860ed2-9eca-4676-abe2-00dea05cc84b,6,2017-11-12 18:30:00.0,7b5cf1bd_bdd4_4899_abcc_878083a34a8f
fdeb252a-9369-4e70-b8aa-baf169ea1f88,29,2017-11-12 18:30:00.0,05a92933_e8dc_45cb_99f8_ff51307231c0
fdf7e4e0-c9d8-480f-ae7b-9929d4cd4405,21,2017-11-12 18:30:00.0,1b24560c_65a6_4137_a1b8_d70336a254f8
ffe5e67e-2202-48ca-83af-1d1758a96d87,52,2017-11-12 18:30:00.0,23cea3bd_83a6_4769_93ff_1fc6847f93d1
0078f85d-1237-494b-98fa-e87e6b024627,35,2017-11-12 18:32:00.0,d28e0dd6_e447_4528_bb29_1f867d682794
03dfa891-200c-4cd8-bad6-f261b18f8395,29,2017-11-12 18:32:00.0,c3f557cd_0d09_4ad1_9585_3c3623c909e1
04c1092d-515a-4915-ae42-4ea2ffd13a6f,19,2017-11-12 18:32:00.0,1221af48_14f2_4c35_b607_eb5c68dcc74b
05e362c4-db0a-4d51-b400-190b91299cb3,48,2017-11-12 18:32:00.0,9b9f86ee_8f7f_4dc7_bda0_b8ac04f9aabf
08ad9fd5-7431-44e0-b34d-f0df1348bd06,16,2017-11-12 18:32:00.0,c5f1e50e_eca3_4757_b3ae_ac44cd4f1065
091294c2-334d-4075-84db-33104104db6b,98,2017-11-12 18:32:00.0,230eee2b_ad1e_4ac9_b412_84ca5a386d7e
0a892eab-38a5-4133-96ad-bb7e4eff1eb0,17,2017-11-12 18:32:00.0,7472f969_5782_48b7_87e8_7911b7f03c7a
0b3a7c77-f1b8-49db-8d25-e1bd087b2b22,16,2017-11-12 18:32:00.0,102d3fa1_1188_46ab_9f32_49cccd95b174
0b3be3f6-af0f-4467-b33a-825334ad4ebf,71,2017-11-12 18:32:00.0,697bdd4f_57bd_499c_b9e1_cfc7eeca3971
0bbdfd66-a22a-43f9-996e-01bfe42d2aba,9,2017-11-12 18:32:00.0,addfac7b_fd1c_4866_b612_e4b4159b9934
0d40bc38-5a93-4d29-9579-f4d14236975f,61,2017-11-12 18:32:00.0,30880a23_68cb_4919_a7de_26afbc35f261
0d67a08e-490d-43f0-8c7e-e0290251bf56,3,2017-11-12 18:32:00.0,619881d5_daa3_49ee_bbf2_680a321a3f1c
0e56c8d9-58a9-4155-867b-849b3847458c,26,2017-11-12 18:32:00.0,4d3a54ed_c61d_4b07_90d1_9651a1b2b1a2
0f8faf32-f27c-4d18-9bf8-eb3cddf4402c,80,2017-11-12 18:32:00.0,f969cf99_17f9_4428_b8fb_6665586f89be
106ebb36-f647-4ee0-9292-def0a83a63a5,69,2017-11-12 18:32:00.0,bbaf55c0_0ecf_49b1_bdd9_51edfd73ed76
10d7d14f-6f1f-407c-a978-38f0b7e57a48,24,2017-11-12 18:32:00.0,57c5a2e4_bcb6_464e_b53c_dfad5b71d0c5
1298fd70-377d-47c3-ad32-0177a3f3c754,26,2017-11-12 18:32:00.0,816b542e_435a_40ff_a20f_adba54a71152
12aba67b-f551-4f82-8e12-e99d214f24c0,15,2017-11-12 18:32:00.0,f8cb5b6a_ab80_40fd_8f94_962249e82f41
149c62b4-41a4-4d81-9b2a-751733d07485,24,2017-11-12 18:32:00.0,a130a95f_72d8_4bdb_980e_bcb3112e16db
15d4dd72-5e2e-43f6-a79d-baaf02504d91,17,2017-11-12 18:32:00.0,bfd08952_3cde_4bd2_a1ef_dba4e469bd79
15e5ae87-5ce5-4fb0-a254-ff37dc2394bb,56,2017-11-12 18:32:00.0,3fb1db17_5cbd_431a_8c3b_c4a18eba6456
160c1552-6cc5-404c-8af9-e6c98bea360d,15,2017-11-12 18:32:00.0,71450cee_ed70_4a6a_a9fa_60594e291e59
182d422b-603a-46f1-8c57-e48a9c858a57,34,2017-11-12 18:32:00.0,eb2d8813_2a56_453d_a7ab_8793c02a9c4a
18493090-49f3-46a3-b63f-0684ba9d94b1,85,2017-11-12 18:32:00.0,584ad761_0097_417e_b8bb_0a624338d673
1c27395b-c804-466c-acae-71a7ead38b30,76,2017-11-12 18:32:00.0,86daf7f2_52ea_409a_80d5_78e4835c1cce
1d2bdf13-0fb3-4119-8a54-9a5ddc2dd8e5,5,2017-11-12 18:32:00.0,a36aaccd_e296_426b_a87b_1097f56052f8
1dd8c035-11e7-458b-8883-c0dce01128a0,12,2017-11-12 18:32:00.0,1f92eb51_9553_4082_8d36_834fd54caf1e
1e549235-5a08-42c9-baf5-2d1b3b3335cb,9,2017-11-12 18:32:00.0,65be21d0_36d9_41bb_a4f9_d3ac48c48332
1ed0716e-d048-4c9c-8445-7c36bd49f263,20,2017-11-12 18:32:00.0,f45313e7_03df_460a_8000_46b1a41c23f4
1ef49c6e-c4f2-4c66-a385-3053c436164f,90,2017-11-12 18:32:00.0,28e29c29_c3d9_41f4_9643_55ff8d7cc5ce
1f3bbb2c-6fea-496b-9dcc-73de23689233,61,2017-11-12 18:32:00.0,09b9c3e7_b05d_4a03_946d_b3779df5a3c4
20eaf02a-10ea-4947-a9f0-a0599d368563,57,2017-11-12 18:32:00.0,a2726c3e_17c4_4448_a329_ce231e4be42a
219fae37-33ac-4406-af1a-2d0c2cfa09e8,75,2017-11-12 18:32:00.0,4f5091e9_1625_472d_8ec2_82817ddd55ec
22b3a6e1-6f17-475a-ab40-767e2797cd83,52,2017-11-12 18:32:00.0,407ce597_20d4_4aaf_83aa_8e820b77a0d2
24e7abae-0651-498e-83d9-f233cb31733b,18,2017-11-12 18:32:00.0,377b20bc_0114_4ca3_b44c_fe4bfe49928d
25115de1-082d-47a1-be24-664bca459292,43,2017-11-12 18:32:00.0,763c9a66_ae13_4eea_8fae_4961f11bc0a8
25cb34ef-df76-4ad2-9d8f-395dd6999ef3,17,2017-11-12 18:32:00.0,cb29ff10_02d6_4b90_9304_568aaee5edc2
26333262-7ba6-469c-9ecb-1c5290ea6e2a,44,2017-11-12 18:32:00.0,0940ca07_1e1e_4701_a07c_16782276e249
265042a1-b9a4-4dc4-9d94-152c9a338312,74,2017-11-12 18:32:00.0,286c9a90_7a80_4228_93e2_0b4370e430b6
26acca4c-0d73-4191-af24-4b1be39d02b5,7,2017-11-12 18:32:00.0,00efda85_d175_4389_9c8f_2dbd8ab4de22
2717c086-6c14-4e7b-ac4f-a6c571afbd40,88,2017-11-12 18:32:00.0,3ec90e87_16f2_4f50_bb02_312764412c0d
2bbaaa4f-af85-4880-8532-ff1d325380d7,13,2017-11-12 18:32:00.0,032c4404_bfb8_4c3f_a41f_9af65fb0ea76
2d25da15-6f47-4527-800d-6b92181ef9fb,75,2017-11-12 18:32:00.0,4c6aa7b3_c294_404b_a22b_5eec37b9c112
2f4fc83e-471e-493c-82ee-25a241eb3ba1,16,2017-11-12 18:32:00.0,245897f2_eb42_4b83_b2d9_0bee57f33e4b
33ae4996-dd67-49aa-877d-c30cac89a003,18,2017-11-12 18:32:00.0,83aa2d21_cb29_4797_aaa6_8c41ca3d0fc0
34a87381-6647-4b9f-990b-c3e90e008a4d,4,2017-11-12 18:32:00.0,5820abce_7ccd_4f84_974e_698146b4223c
39ff304d-c421-4dbf-8fbc-c9151cde1f13,27,2017-11-12 18:32:00.0,bfd24257_0c53_4dd2_b1aa_70e021d65c34
3cbb9839-8fb3-4fdd-a6f4-8aae51a84da7,52,2017-11-12 18:32:00.0,a001cadb_20af_4b1f_a819_e08220b22259
3efdec6c-5b93-4377-90ea-c28b09202a5a,98,2017-11-12 18:32:00.0,c61d26d7_a1ac_427c_928c_5f579636c5db
4078418e-5302-4389-818e-57c6064af3f2,63,2017-11-12 18:32:00.0,8c3996b2_ad53_4626_90e5_c38f776864da
4099dd31-3ceb-40f4-a447-5b5d7fe4032d,65,2017-11-12 18:32:00.0,c4e789bf_faa8_4033_a843_89c64bff4e21
4154d643-72f2-480a-8b26-0b7ed4223c06,97,2017-11-12 18:32:00.0,0d42dcb9_4560_47ef_8f63_828e3e935bd6
474970c1-fda9-49b0-ac96-8d24f8469464,92,2017-11-12 18:32:00.0,adf7f977_0be0_43b6_bdeb_e46283152731
474f69d2-f3a4-4e56-b0de-69c714014c4a,92,2017-11-12 18:32:00.0,42affc90_cf8b_479d_84a8_8d5bb2df3bdf
47b99165-b2f4-45fa-9897-e96607b2a4ae,8,2017-11-12 18:32:00.0,25040df9_d544_41fc_bf1a_0a5db922e0d8
47e994df-d67c-44b4-9a07-498024546b69,40,2017-11-12 18:32:00.0,300b53f9_aa49_4c88_b9eb_52076351a9a2
49708359-9fef-4d48-bd2b-a8022f2510ed,50,2017-11-12 18:32:00.0,3910f6cc_cdc0_4373_9946_67d95b9a4c80
4a3241b6-8757-42a1-9562-c8a1314f4a6d,35,2017-11-12 18:32:00.0,c9f77671_76e0_4365_9814_fcd0b08eac5b
4d22003d-2ba7-46b2-b494-2e5a21406813,93,2017-11-12 18:32:00.0,96ee45b0_ff94_42a5_98e0_d68286c08850
50689a9e-d61b-413e-924f-266f478f4628,24,2017-11-12 18:32:00.0,b39c3fcf_853b_459e_b48e_044afefff438
51a1f022-911c-4e85-bbae-13ef72432780,34,2017-11-12 18:32:00.0,d60376ed_c676_4b93_9907_9b1fffd81253
536a0a41-baab-4909-9dfc-b8becb24e9a3,11,2017-11-12 18:32:00.0,256b0a98_1fe1_4ca8_8619_5cf67fecf3e3
54d9a0f1-5feb-4927-a1ab-1d6d4e45b725,30,2017-11-12 18:32:00.0,230387eb_dc2e_40e8_aa2c_c8bbf569f948
55d8a396-b1a3-47b0-a874-04bee496c884,4,2017-11-12 18:32:00.0,5cbb6dbd_e76d_4555_873a_744ba2dd1349
57e75683-4f70-4ce6-ab08-0188616dc823,35,2017-11-12 18:32:00.0,465dfc01_e3e6_4d7c_a562_50781892269b
58736cbc-4315-4a19-b3a2-6f3a9b364093,5,2017-11-12 18:32:00.0,2c3611cb_27d8_4ed0_ba11_fb50d317ed03
58936106-3332-4a93-8caf-1bdcd440a0ca,26,2017-11-12 18:32:00.0,00f2486f_6c9f_4a82_8c8e_e14cb970f75b
58d33fe2-234b-404e-9414-424d840cc52d,31,2017-11-12 18:32:00.0,7527f032_ff57_41fe_8492_303779b2bcfe
58dc4e21-6545-4733-afc1-5d801baffcdb,77,2017-11-12 18:32:00.0,5900c4ac_80a1_4614_bba3_263853f9f31d
5a59073a-cb93-41b8-8058-12bbca7a27b7,79,2017-11-12 18:32:00.0,690f6e72_9f54_4d07_8648_b1e1465a4e36
5d1de83c-5c34-41b3-9cfc-374b8e05484b,6,2017-11-12 18:32:00.0,579d72ba_fc0d_4f60_b631_9719f8f4286b
5d2e8427-f406-471f-b259-911dec25ba42,68,2017-11-12 18:32:00.0,4686adb7_fa74_4a01_aa6b_e2ef24538c43
5e210f77-f446-405f-8697-76fd3c30c00e,37,2017-11-12 18:32:00.0,d6baa35e_5358_420b_ab84_44279978c636
60f37242-5f15-4461-9c6d-23577c9b7278,19,2017-11-12 18:32:00.0,956abe75_02db_4951_a098_dff4ea63ca26
616f3cda-e9dc-4757-a5e5-84b5c5dc4dfa,90,2017-11-12 18:32:00.0,9118e620_9f71_4c9f_b230_49a072c0335e
63746790-31a5-4e11-a8d2-c4814655af6a,54,2017-11-12 18:32:00.0,ad6f2777_002f_4f06_bae5_e832f5cc269d
6446ab97-baca-489f-9a63-fc24a0bdf2d7,95,2017-11-12 18:32:00.0,a49f428e_0286_4196_958b_94ce9d1177ec
648d1dd0-1996-4fdd-91b6-99c6b55401ed,23,2017-11-12 18:32:00.0,a2686321_59a9_443e_bd0d_5827164cab9c
6515cc94-b64b-4712-9ca8-4fffe7ccbf3c,18,2017-11-12 18:32:00.0,33a01a51_59b6_45f9_90db_224a9301be2e
66075443-8b76-49cb-9033-64c5d11a9d3d,51,2017-11-12 18:32:00.0,b311a130_6e48_45dd_b2e2_8e3d51907ce3
665e9494-adc0-42c5-aaa8-dde0b1a4e210,43,2017-11-12 18:32:00.0,00c33a23_2676_4424_8052_a7fd616592d9
6849e395-0f7a-48dc-855f-0c1f9af966ab,62,2017-11-12 18:32:00.0,685c7c4f_c508_4954_ba83_3d9179a0a985
693bfdb3-0f02-4cc1-a0f3-0f2a4abef982,67,2017-11-12 18:32:00.0,3d31a4b0_a66c_42ee_8993_b6ef53ac6fb2
6e7db8c3-3924-4570-9cd3-b3d12cba8e92,42,2017-11-12 18:32:00.0,8482ddef_1046_4cc4_bf29_b91102f740f3
700585a7-33ff-46cb-9730-49c6c0ab9119,91,2017-11-12 18:32:00.0,5d7cfd09_6859_43d9_851e_a107822198bf
76bf2caf-bb69-4a4a-ac81-cbc3519763e0,53,2017-11-12 18:32:00.0,8ef02ba8_2b39_4a2e_8a36_c44a0cb30297
79943922-2c8d-4120-b03d-a20161d5d19f,41,2017-11-12 18:32:00.0,f22803f7_0605_4c55_ae2b_adce4fca7dc9
7c6009a5-17d9-44c3-af05-a50927905bbc,43,2017-11-12 18:32:00.0,81e245cd_d3e2_4fd8_804a_88189318216e
7ed6581e-6086-4b03-b36e-e6e4e148f4e2,55,2017-11-12 18:32:00.0,8341f6a4_7e67_41b2_9381_07bfdb4c74df
7f7bd31d-d4be-4d43-b8e5-dc856c820dd6,49,2017-11-12 18:32:00.0,30f9912a_7c43_4af1_a11c_8f4ec5f0f297
7fad8e00-176e-4587-ac8a-e06f49e2dd9e,97,2017-11-12 18:32:00.0,7b092e56_7617_47b5_9ce3_7edda93d74f0
802846a2-01e3-4529-90d3-632ba297d505,93,2017-11-12 18:32:00.0,23d0b89e_ad4a_4f5c_9e0f_131402433d37
83374b7e-58f1-405c-adc9-f01292d39edf,23,2017-11-12 18:32:00.0,1ac2663d_cca6_4ba8_af4d_0eba94600311
85108da9-d781-4dc5-92d1-5754fe05840e,98,2017-11-12 18:32:00.0,70bf954f_ea95_42f2_9f9c_052055441515
866a49de-f22f-47c8-82c3-54e2f5ce3cf0,40,2017-11-12 18:32:00.0,e29fa8f1_8921_4206_a240_69454fa21195
86be721f-018f-47a4-b16a-29501d467a90,30,2017-11-12 18:32:00.0,bdeb0aff_7730_45ee_bd43_c5d9836167a0
899d2811-3973-40cf-8d53-c38d427ce508,46,2017-11-12 18:32:00.0,b2a018bb_5e4f_49e5_8dd4_3cbda8eda47b
89fa96d3-e882-44d9-ad10-e2694427c27a,19,2017-11-12 18:32:00.0,9c939ab4_c137_4af9_8d93_cbccff03b904
8af1f2af-c9f7-4f60-96e9-78ec94d0b2cb,27,2017-11-12 18:32:00.0,26768d01_f175_4dcd_8cc5_418da39d6216
8b05dba7-b604-4317-bc7d-ca899bc4d984,71,2017-11-12 18:32:00.0,6ae1d8b6_1c10_4b28_83b4_0912ada3184d
8bf74ec0-99c5-493a-8727-73327cab8ac4,21,2017-11-12 18:32:00.0,73521dd9_9284_4c19_80ea_8d0277761a71
8c47af07-273e-442f-9c41-4325044e7590,34,2017-11-12 18:32:00.0,4c4a43a5_0b21_465a_b3c5_3efe13a5a213
8cdda5d4-7935-4eae-9243-50aa51290ad7,99,2017-11-12 18:32:00.0,46ea6eca_efb5_4675_8e17_991b35ea80ca
90c12054-4539-4891-b7b7-413b9326b53a,2,2017-11-12 18:32:00.0,5c519af1_3ce3_403c_867b_123656107e6c
928c1a76-e0bc-40ec-93f5-9d4790818ac7,82,2017-11-12 18:32:00.0,a797d6e8_cb07_4c26_96c5_5771a5b65df4
92b81712-7317-49a4-acd3-dd8f8ec204c2,65,2017-11-12 18:32:00.0,fb9b82e6_98d1_49e8_8729_92cc172175a5
948d5a60-62b1-4bf4-8498-0d99ed745e1f,42,2017-11-12 18:32:00.0,23cea3bd_83a6_4769_93ff_1fc6847f93d1
94b886dc-ae58-4285-b2f3-526e1c80f92b,13,2017-11-12 18:32:00.0,d966237b_9ec6_4ba8_a741_e2b6d9460d11
9638ffc6-9ae1-4cca-acf3-7549e83b1cd5,1,2017-11-12 18:32:00.0,fd3710ac_1f28_4478_bcad_adb4683d3ec3
96b5fc65-a227-46ee-b673-7966a5f08394,99,2017-11-12 18:32:00.0,a8d0bc02_0ee1_4819_b4ad_1895e3dbbfbe
9734ef8a-7c30-4e48-a1f8-110781d72e08,83,2017-11-12 18:32:00.0,19714ecd_622e_4366_b8c1_11230dd42934
98931a2b-3ed3-4433-a218-a275c5728322,78,2017-11-12 18:32:00.0,4ab516fe_4257_443e_8271_fba1ad1318cf
9902db2a-98d2-49b0-b7a5-d5b33bd227ee,84,2017-11-12 18:32:00.0,667d9d2d_fa9e_4cca_a922_920a50061fc6
99265b82-83a4-40ab-a147-ff4a2392626a,49,2017-11-12 18:32:00.0,75934d45_525f_4508_93b5_33448d198192
992b62cf-d46e-491e-a2e8-e292471b87e0,2,2017-11-12 18:32:00.0,8c833681_59e3_401c_9e55_8dc3d0ee4141
9960c4ca-aa62-4f6f-9cce-6ec2a8bc3122,88,2017-11-12 18:32:00.0,70b2007a_b57b_4750_8bca_834ff9383acb
9a281301-d058-4cf2-8e70-df602ab9f9ea,86,2017-11-12 18:32:00.0,3c700665_1b1f_4b0f_868c_9e69d891fe41
9b91b43f-da08-4830-9e9d-f6a51b59fb00,37,2017-11-12 18:32:00.0,61506a37_bb1f_4a57_9c63_b79f75046087
9ea2851a-12a6-40ac-83c3-de589c03edd9,38,2017-11-12 18:32:00.0,e8b6be2f_4c0b_448c_861d_375a0f4553a9
9ea9955f-3784-4e8a-bee2-c8cb8b1b3e6b,61,2017-11-12 18:32:00.0,f8195f7d_d836_4c85_81d7_4d081683edc9
9f08f106-0930-4382-8a06-05eaded25860,67,2017-11-12 18:32:00.0,beb08f04_f164_493a_af8e_4a975e753427
a1b5c7cf-7090-43fd-a277-742472f58881,5,2017-11-12 18:32:00.0,1a3cf7a0_f21f_4b23_842f_bb467fab76b8
a319d277-a537-497b-93de-db2ed9cf62bf,82,2017-11-12 18:32:00.0,6c36c7c7_ab65_4f42_a59c_4499f3d0c2e7
a32d8f6c-80c0-4870-bcc4-dde6f3aa885c,68,2017-11-12 18:32:00.0,8ac558a7_a859_4537_a4a1_1ca47fe16927
a36e476f-b9c3-48e7-84d9-dc9d252e91c1,45,2017-11-12 18:32:00.0,ad3faa91_40e1_41c0_bf52_22d33276f22e
a37134aa-2f99-4eef-a474-0cd6ff2f3c7c,66,2017-11-12 18:32:00.0,9f8adeb8_3d68_49ef_9765_780babea4467
a4a5f28f-a228-4f43-9424-33b33cb59a6b,2,2017-11-12 18:32:00.0,b0f01ca0_c9ef_439f_997b_4f654d1788d0
a557fa59-f8cf-4928-814a-d3b6dcd70aec,89,2017-11-12 18:32:00.0,ec49c7f3_efe2_4b64_8c3f_969e2f86e8ad
a6733c24-0b36-4d5e-b536-8b854e3d478b,66,2017-11-12 18:32:00.0,934f6599_1b0b_4225_ab2f_b8923ccda8ce
a9a51092-95a8-4d8e-b3b3-0b7b5d7b9a62,89,2017-11-12 18:32:00.0,f9ce6449_534e_4c14_9e8f_7945db84794a
a9a77179-3cbc-41dd-b635-737130ef3623,15,2017-11-12 18:32:00.0,8beddd04_4e6c_4bfb_8984_f19f363118dc
ad1546da-7038-4cda-a120-0b207dfdb4a1,39,2017-11-12 18:32:00.0,341aff34_b144_4159_a2a1_f317ac81b3b9
ad7c0d51-b7d3-43d0-b13e-76c48730aeb4,63,2017-11-12 18:32:00.0,f31e3e90_b732_47fe_8d87_bdcf6f8db131
aeb4e0b4-735a-4c93-8f1f-721af3d2c8af,54,2017-11-12 18:32:00.0,7879ff3f_3b10_4f1e_9cf4_c59f62b8ed10
afcb6c08-8a37-49f1-8670-222c192c6937,46,2017-11-12 18:32:00.0,b7a6ac68_2e9d_43e3_8eee_adbfc9360166
b0b4edc4-c3bc-4c0a-8a6a-017e5686a41c,31,2017-11-12 18:32:00.0,548c90fe_2557_4c25_9b58_7d6155eee679
b180c9e1-1a5d-425a-a7ad-4e1e0c7290f1,84,2017-11-12 18:32:00.0,b694c058_dfd6_4f5d_aef3_614fa28e404f
b204e747-accd-4eae-a014-0b9aa0ff0554,79,2017-11-12 18:32:00.0,1faa8cc8_177c_423c_b948_6b915369c2fe
b251fe1a-f729-41c3-aa55-6bb96ffed086,13,2017-11-12 18:32:00.0,c169773f_53e3_42fb_bbc4_17a4ddd5b986
b2c42012-f7d5-4487-9b75-1d79ac5143e2,4,2017-11-12 18:32:00.0,81a18f4e_715f_493b_952d_c9305f60bd66
b4187cec-392c-48d7-a174-6f922f2d8322,95,2017-11-12 18:32:00.0,ba7cc92c_61d2_4a93_bc3b_b1f8363b6548
b4e8307d-601a-4589-bc3c-4bf3e596f55c,67,2017-11-12 18:32:00.0,6f2bb567_aa2e_4c66_bfe9_0199697171b8
b5424fa4-62fc-4c34-8014-5c45d858e05f,14,2017-11-12 18:32:00.0,9beafc1b_75cc_4b0e_93bf_8adc3548afac
b553436f-6510-4b91-bbe6-e3e7e6dccf76,32,2017-11-12 18:32:00.0,thermometer6
b5eceabc-e9e7-4ccb-ad6b-a37f75fa4e3e,89,2017-11-12 18:32:00.0,ba7d9d30_4dd5_4e44_a863_39798c2f3ab0
b666812d-32a7-4513-9f6c-738672236bf6,83,2017-11-12 18:32:00.0,f5869225_4d79_4430_8d8a_86c63f0397b5
b6c28ee9-7f9a-49ea-82f7-959485acae5d,19,2017-11-12 18:32:00.0,799c5a7a_877b_47f0_9d2e_0ef4fb0358c1
b82485a9-f50d-4458-848d-25feb10b7513,80,2017-11-12 18:32:00.0,66ed1fa2_b21d_4275_a3da_9108f7156012
b93f6a1e-b08a-43be-9353-d072204eef09,7,2017-11-12 18:32:00.0,ecccef06_3084_49eb_a6ec_405998b5881d
bae609b4-f410-4e58-99a8-123b0faffd61,92,2017-11-12 18:32:00.0,6ef895cd_fab5_4c27_8538_50ad37f66648
bbf6e8f2-339c-40d1-9a4e-f99ca8ddfdd2,68,2017-11-12 18:32:00.0,thermometer2
bbfd6ef5-7270-49ef-a96a-7eb02da246d3,38,2017-11-12 18:32:00.0,99b432d3_45d0_4bd7_96fb_0fd886a7232c
bdf514d2-98d1-4ff6-88b1-dc9631f24ee6,98,2017-11-12 18:32:00.0,3deb35f0_c420_4b58_9586_928fde5eda68
bf40f933-256a-41b0-967e-bf10ae4ccd06,40,2017-11-12 18:32:00.0,eb5b4658_13aa_434b_a26a_e5fa703525f7
c2f609cc-5a1e-444d-b57b-4d8e8ab4a47f,35,2017-11-12 18:32:00.0,836b591e_f43c_4ea5_8281_95e3dff8797e
c31264c4-11f6-4e2a-9011-f57e0671d276,42,2017-11-12 18:32:00.0,d56bf1f1_bdc4_4fd1_9061_a61105d9810a
c362b3ac-4461-4da5-958a-d886754b77cd,40,2017-11-12 18:32:00.0,94928edd_4a62_434e_8325_38e9f38974b8
c37ead6c-548b-486b-9f9c-02f77eaff1ce,5,2017-11-12 18:32:00.0,bc98e572_1605_402e_96cb_caeb34810c00
c38f5323-635f-4d93-bdbb-9d866999c3bd,95,2017-11-12 18:32:00.0,953d120f_2e61_4480_a763_5c8fa0571c67
c3943148-1420-47fc-9438-a49423bd1359,95,2017-11-12 18:32:00.0,70190958_c2f7_4922_8f0b_f25a499488ba
c454ba14-8717-4bfd-95f4-d1fed68d5008,25,2017-11-12 18:32:00.0,bda2efa5_2959_41a1_840e_569d7ab81901
c86ebd08-962f-4bac-83cf-8360543f3e6d,36,2017-11-12 18:32:00.0,40517e70_44ec_4b92_bb30_fc1404b0a0c9
c8e1526c-c7ae-46d1-a282-a2eb88b9ecd4,1,2017-11-12 18:32:00.0,32730d2f_ae3d_4c8c_8c54_cc4d7d788459
c920a738-f047-47e4-8ec2-12461d811804,56,2017-11-12 18:32:00.0,3bc98f31_9707_4933_a9d9_fb21725faf68
c960ca14-12c8-433c-aa99-19ff882b4168,72,2017-11-12 18:32:00.0,1784f94b_679c_4af8_a11f_ed95f2f28117
c9d3a1ed-1673-4fc1-91c4-5bd54c0cf030,97,2017-11-12 18:32:00.0,32445506_a007_4eac_9409_0963e29160cf
cc69c726-ffa9-4d41-8631-3b01beb64ef3,1,2017-11-12 18:32:00.0,ba5338d6_b0a2_4d99_8536_006ecfd17936
ce8084e6-cb65-47da-9c31-c1d28501b4bf,64,2017-11-12 18:32:00.0,3a619d47_8bbb_42d8_a3a8_29bea8e63377
ce95a746-fa46-4e25-a6ce-590485cb3cd4,57,2017-11-12 18:32:00.0,7f245af3_afca_4a3e_bf74_c9b301c01fef
cf3d9775-e320-4549-b16c-e88483990d96,37,2017-11-12 18:32:00.0,48ec9043_4d33_4fc5_b79d_62eca3864f74
cf8fab43-a464-424b-b821-9fd99a4f7812,47,2017-11-12 18:32:00.0,57d40c5e_1805_4125_aa4c_728ab3f21665
d1cdcc57-68e4-4f91-ac64-37d0685c7c8d,25,2017-11-12 18:32:00.0,29b14e8e_c8f5_49c9_befb_5339e10cff54
d5a32166-4444-4d37-a2bc-4d31ed941f36,91,2017-11-12 18:32:00.0,864f266c_2210_4fda_824e_4dda5a2fdb59
d635f8a8-5067-41d3-b39d-0ce82bab42e6,37,2017-11-12 18:32:00.0,99eec5f0_0665_4908_9532_e167e0041dc8
d68c02c7-7c30-45fb-a3d8-16c3c45cc2c3,17,2017-11-12 18:32:00.0,048a2168_43d8_4be5_b633_ad32ff4c541c
d6ea562d-91d2-4abc-b5c7-118f8ba69a72,37,2017-11-12 18:32:00.0,a0591d80_b6ee_4db4_a7e5_913cf0f2003e
dc7ebd8c-2639-43e9-9def-27cccbf8c4cb,34,2017-11-12 18:32:00.0,d12c40e6_e33b_4f1b_bd24_8fd8befba3d4
dd0e5739-b9c1-4074-80e0-076d7785a33e,13,2017-11-12 18:32:00.0,06d39773_fd40_4c34_bb0d_a23a05ff48c5
df62d54b-5241-4991-b837-8374453415f1,80,2017-11-12 18:32:00.0,cb8e2453_97ea_4a77_8dad_6a2d4c1c955d
e145aaeb-ca96-44d2-bcf9-90224ecabc24,62,2017-11-12 18:32:00.0,c2953b86_82aa_4594_878c_f553b99ec489
e162c927-4fe1-4d06-ac68-f96e372401b2,15,2017-11-12 18:32:00.0,27d08e34_d4d8_4208_a6ff_1eb5796d5fe8
e1f2e7d7-eb3e-46e4-941b-6645a6fc973d,50,2017-11-12 18:32:00.0,2398ecdf_cd42_4ab1_982e_981973f247ab
e25377b4-a0c1-4d27-a685-cdc11b99ab0f,31,2017-11-12 18:32:00.0,7ba94f52_a9f7_485c_8b84_e471698cc35a
e49186dd-4800-43dc-a738-732c452693fd,3,2017-11-12 18:32:00.0,7ae12a72_5c12_43ee_911a_ab3f01e8222c
e5a61790-5787-41e0-b060-6f0683aeb653,4,2017-11-12 18:32:00.0,e14b9f73_fee3_442b_84d1_112f236040ea
e7c6ba9a-3ad3-4375-8e1c-1efebe345f7e,84,2017-11-12 18:32:00.0,f9ca5935_b4b3_4334_8e19_5709b672cb7f
e96b1a1f-6ede-4bd3-8a33-a2603ae499d1,89,2017-11-12 18:32:00.0,8f4ff99f_ba1b_43b4_ad22_262c56e204e5
ea1a5699-12de-4c30-bff6-53b767ed8845,57,2017-11-12 18:32:00.0,034a2a71_ccce_4f22_b39c_c5a86308bfd4
f06f0de8-e01a-4375-8ba6-0d2bbc2f7875,23,2017-11-12 18:32:00.0,78262250_7db9_484d_9abf_824d853608a6
f0be6a22-eb02-4a9e-9a61-08c42c5c6029,31,2017-11-12 18:32:00.0,88c25fdb_3c12_427b_92b8_4d16f21ec557
f1f58897-2d5c-4f61-a095-dfd902a3f974,38,2017-11-12 18:32:00.0,d08bcbeb_6086_4ed5_9489_a007ebb9265e
f334da5a-560a-41ef-b326-86da1ed9fe18,18,2017-11-12 18:32:00.0,b54c0327_f793_4f32_a2bc_e84efc7f5cfc
f5c765d4-0bcc-4bdb-951d-2a42fd75efbe,48,2017-11-12 18:32:00.0,3307bd0d_6906_4cd1_8618_e41797258582
f65c7f8f-8757-4fcc-8e30-624f3d1109c0,15,2017-11-12 18:32:00.0,369b7482_8da6_470c_9974_2bf51391b0ea
f6988d98-4355-4b2d-aaa0-5088299c04ed,15,2017-11-12 18:32:00.0,8fe559e6_ab25_42d5_b055_73f63ad799b0
f7861bdc-a70b-4a4c-88f6-c1e9500898c8,19,2017-11-12 18:32:00.0,9cb2fee1_9192_4769_9aa1_889b08d68bed
f7a31857-f497-42ee-a7ee-87a4a28c1df2,37,2017-11-12 18:32:00.0,e9968a4e_3e3c_4f9f_8f5b_7880b7e574c8
f9071678-b1bf-4327-b657-27ff082ee79e,62,2017-11-12 18:32:00.0,55133a89_0708_4120_9904_72fbea95a74a
fc48062a-910d-42fd-ade9-5abaea612cf3,40,2017-11-12 18:32:00.0,a88f71a3_3454_46db_80e8_e9416072f4c1
fc5718cb-b371-4b02-9579-f835e147efaf,11,2017-11-12 18:32:00.0,198e4a6d_0e0a_4d20_8bcf_65598672b043
