02491b34-20b5-4ef5-b015-3d3cd9cbb902,36,191,2017-11-09 20:22:00.0,a67a7e58_c2ac_48ee_8a73_a696eda15a7a
0318baa5-23a0-4abb-89e8-20564d91872e,55,135,2017-11-09 20:22:00.0,3dd5b16b_f475_4d35_8d9e_9320046101a8
052dfe86-a479-4ee6-bb1c-5469bf23ff20,66,3353,2017-11-09 20:22:00.0,58b6f00a_fa2e_4f13_8f78_3f91ec60616c
06f3a0b9-40bc-44e8-bc1e-fd93ab2039c5,15,693,2017-11-09 20:22:00.0,5a5e6ac4_2a12_431d_92fb_bb20b628b82b
07686815-74cc-4054-ad90-107b5cd5bbdf,77,3082,2017-11-09 20:22:00.0,61b810de_f60f_473a_831a_34aa32e47654
099586af-ca90-43b8-9261-dfa4963e8310,50,3392,2017-11-09 20:22:00.0,720390b2_dfab_4766_9561_7acc22815060
09e2d76f-f1df-4fc2-a95d-e77bf99abc29,10,2498,2017-11-09 20:22:00.0,556f5110_e913_49d3_be9a_aa43c7a71068
0a082953-7b86-4a05-9ed0-d4ce38316cc6,64,3200,2017-11-09 20:22:00.0,e6752d15_ea9f_4ec5_b7bb_2f09c0b527c9
0a7b456d-2be4-4282-b8dd-b4c73758a8d7,28,2914,2017-11-09 20:22:00.0,dedd82e3_f22d_4613_beeb_457ab8024964
0b9eefd9-cf3d-4a56-984e-282987c8feed,73,798,2017-11-09 20:22:00.0,6a88df69_0a32_48ae_9bfc_2cb515b608d9
0da9148b-30c1-4c1e-953c-fb06f7b32b55,33,3353,2017-11-09 20:22:00.0,967cdaa0_81cc_453b_b79d_50555edccc81
0ee77d97-4d22-4cbf-b675-aeb91242683b,5,97,2017-11-09 20:22:00.0,1056aa0c_8582_4882_8664_6a3090681605
11275f1b-7410-4756-9b75-4f68f66ae13e,11,2761,2017-11-09 20:22:00.0,8aed19fb_7253_4325_aa40_ec9519d67f1d
11c4ad20-41b4-4495-9660-b70bcc5c6ad4,25,3542,2017-11-09 20:22:00.0,3f444574_699e_4235_99a3_8b3019c035c1
133f7580-c347-4e3b-97aa-912327199540,52,1356,2017-11-09 20:22:00.0,eac080a5_b70a_44dc_ac4d_9bc79d836db4
13e729e6-9aa1-407e-8940-5b67f044182a,24,429,2017-11-09 20:22:00.0,e23206f0_dde2_456c_b025_f62c73419039
14283ea4-5a5c-4a62-94a9-758446a4b5dc,12,1107,2017-11-09 20:22:00.0,88dd6e67_7116_4225_a1bc_f8eb5370c848
1474ac4b-0bed-4691-af2f-5b8dbda697bd,85,3070,2017-11-09 20:22:00.0,62f165a3_55a4_43b6_a085_c2de7767c8ec
1542274d-41e1-4749-abd7-80c6ad1cad5e,2,449,2017-11-09 20:22:00.0,4fe68985_beb4_4dcf_9952_50738b83b6f2
155baef9-f189-4582-b776-e8340c3a45ab,14,987,2017-11-09 20:22:00.0,9a6622f3_854b_4b11_bf23_70864c16d147
169a2c02-4ca7-44c3-b1b1-a4ec182d612c,55,944,2017-11-09 20:22:00.0,f97559a5_cffd_4f40_8e75_6d755a548afc
170de0c8-3abe-49c0-b9ea-370297dfe6d1,72,3143,2017-11-09 20:22:00.0,eec6728d_416b_4660_854f_7f6b8f74dc7d
175dc415-a341-4a15-a7ea-c47e75dc020d,4,1745,2017-11-09 20:22:00.0,84b16326_3ee2_4a0f_967d_1cfd21034555
1bb49839-78bd-41d7-98e9-fbebc85ab933,61,2362,2017-11-09 20:22:00.0,79132961_880a_4138_90fc_fce4974285f2
1c1d84bf-91c4-4e3e-8e5d-8cc7aea30c82,91,3521,2017-11-09 20:22:00.0,f73f2af9_afcd_45a5_b88b_ffa261666f4c
1cfa8cad-64d6-4829-8813-2b57357a62b1,62,2580,2017-11-09 20:22:00.0,abbdeca8_44a9_4661_aa5e_5ced480dc55f
1f87276d-bc86-4ffe-814a-6d1238e0b953,9,140,2017-11-09 20:22:00.0,d34f032c_1431_448a_92aa_61862bab179b
246f94a2-f13a-47b0-a780-d5c25b66fcfe,20,2645,2017-11-09 20:22:00.0,7eef0131_8379_4aa4_949e_928d456564f8
25605818-2987-461e-bfeb-24b7e3d46d71,39,2192,2017-11-09 20:22:00.0,32f9b54e_26d4_4908_ab8a_bf7ec125a2b3
2904e8f7-6d61-49f1-ac32-99f0390026e6,93,3307,2017-11-09 20:22:00.0,28162ee2_3f35_4195_b31f_58a2fff836e6
2a568eb4-a34a-414d-b667-b9bd17f45155,44,3101,2017-11-09 20:22:00.0,d7a85108_922a_4307_ba63_c549a410feed
2aaf92e3-6903-4d1e-8d10-94d902d88101,52,380,2017-11-09 20:22:00.0,64158d37_2ef8_4a76_87a8_205ac5b69767
2c1d7454-242f-439b-93a2-d892c66f0844,8,1263,2017-11-09 20:22:00.0,7249d60d_6a33_4c61_9a43_deb55f814bc6
2c33b1ed-6013-4185-9bf5-aa143239e76c,64,1705,2017-11-09 20:22:00.0,4a0014db_b071_422e_a5f7_1150fd2fe1c9
2d0fce1a-0347-404a-b544-2b638e598865,47,3210,2017-11-09 20:22:00.0,50c8ce50_d042_4cb8_bc24_c61f70fe46ea
2d26d1d6-880c-4538-8f14-8b394b003e42,3,3496,2017-11-09 20:22:00.0,54e95ab7_6a6e_46f9_866c_10b26ff232ba
2ea483df-7dba-473f-89e6-1c7b41ba0346,81,1348,2017-11-09 20:22:00.0,bb976013_ffa0_4f7d_8f83_054f790edfdd
2ffa6a6a-5ea7-4174-8688-f95faa42d56f,45,1646,2017-11-09 20:22:00.0,13edb542_3b33_4a8b_a9ba_e7e64530dd27
3014f5db-0dc5-4a2d-89ea-97754ddbe1b5,77,2512,2017-11-09 20:22:00.0,cdfe4707_469a_4cd2_8838_8e2869c805c5
31398a8a-64f2-487b-a784-5f6a2a1d4df2,62,1722,2017-11-09 20:22:00.0,0757366b_f54a_4e32_8af6_3dd1da40746a
31d9146d-43ad-449c-a4da-1a7d4d167d59,92,1986,2017-11-09 20:22:00.0,c2e4b9b1_c31e_4559_b540_fcbe1ce476b9
31ea1232-283d-4990-86e1-692754eae514,86,537,2017-11-09 20:22:00.0,4969e324_f4d5_4052_a7e4_823242d4401e
32eee891-8ec1-434e-aec1-6e4e91ff6bde,11,1147,2017-11-09 20:22:00.0,0108623a_df1d_45db_aa6e_6ed46412565a
365debb0-4333-44d7-abd1-f85199683894,72,3282,2017-11-09 20:22:00.0,4576b7b6_a883_48cb_972c_dfc218db9e0f
376c4e0a-23c9-4436-9896-7374277fdbe8,86,1121,2017-11-09 20:22:00.0,d07e0d62_900d_42e4_8fa0_7372b1fa0b9b
37929dfc-e555-40e8-b001-263167e3f506,21,3005,2017-11-09 20:22:00.0,43f7bd86_a9d7_4861_b6c3_8f8edd3158e7
38973dea-325d-4bdf-8e38-5c066cb0f827,70,2563,2017-11-09 20:22:00.0,aeda1712_8f5d_401c_b719_19bceda7b20f
3c5cba13-14d4-47da-b0a9-f27849704bc7,64,2183,2017-11-09 20:22:00.0,831bfe0f_ae31_4fcf_a623_c8f2856c4376
3da9c650-3317-44b6-9933-32ce870c9b8a,66,3277,2017-11-09 20:22:00.0,bff852c9_5072_4f33_bfe1_fb9a5f560653
3e5fba4d-c232-446a-9dc6-edfafa19f14a,71,1270,2017-11-09 20:22:00.0,13a6fbc1_c987_4370_b359_cc55524dbedb
3f3f60b3-9319-4403-8eab-415a7770488d,44,1006,2017-11-09 20:22:00.0,58ce5745_b534_4787_9ce4_0d924b06fa20
4074d597-353c-4776-aee1-ff9230e5e106,52,3280,2017-11-09 20:22:00.0,4df8f76c_26d4_4f3f_93e7_0b9699386c01
44d01e11-7cf3-46cd-9597-d2a7562d40da,30,3229,2017-11-09 20:22:00.0,6be4a639_fdf4_4060_ad8f_b12ef71a7e04
45372526-9f0a-483c-b8cc-e0cbf53b33ae,48,664,2017-11-09 20:22:00.0,a8022ad0_eff1_470f_b607_85eba93dcfb8
455d49dd-0883-4e52-8632-caec629bf56f,46,1489,2017-11-09 20:22:00.0,d8210714_66da_43a7_9427_abcb340c0dcc
45780b99-2af7-4329-a9ca-d73aa3ac38c7,98,3244,2017-11-09 20:22:00.0,29b7acab_131c_42e6_853e_d6eef2d1255e
46ff9859-861c-4089-8ccf-94ac3de2dc08,47,1142,2017-11-09 20:22:00.0,4cb0139b_833a_493c_b13d_8e62b77cbbe8
47e4fe5c-a8aa-4776-86cf-7441966a19e7,4,844,2017-11-09 20:22:00.0,c518a2f0_b7e4_4666_907b_d20f777a5f14
48c12dde-f401-4e70-aed5-5dc21b2cb034,95,3123,2017-11-09 20:22:00.0,349bcfd1_ebe7_4b81_9ca7_35f9c991b5e8
496bc86a-4e5d-4456-832d-4e860f827c71,97,1774,2017-11-09 20:22:00.0,b3e7dc84_cb0a_4b7b_bc91_d964f3bdd7e8
4afe0a7e-9f40-4bcf-9298-f74635c2add5,45,3043,2017-11-09 20:22:00.0,wemo_03
4c4e27ba-168f-476c-afc3-ea26d7231608,18,3219,2017-11-09 20:22:00.0,25584e89_3bf8_4ab8_b4ee_e3491cfac2b3
4e2de3a3-73c8-4c17-b0d5-d1f44b398170,25,1949,2017-11-09 20:22:00.0,606440c6_08d7_4ff1_8311_02cf99425da6
4fdb5a02-4d72-415b-a832-169107450a2f,95,635,2017-11-09 20:22:00.0,d875fa20_73d2_444f_a4df_0f85d8f16e17
528f8ca2-4a49-473d-a4ff-a139d93d5593,86,3256,2017-11-09 20:22:00.0,a434e101_c7d3_4eb0_9f31_79a9d0b352bb
559bcae4-de54-4211-b863-f1296690b288,98,3534,2017-11-09 20:22:00.0,7f571bda_16a8_45cd_9eb6_c59a6bd6342e
562058df-fb46-489c-b723-6f1779d56919,30,2672,2017-11-09 20:22:00.0,338b446e_e300_4a00_83fe_7b603f497654
5754aa39-e3aa-481f-b6fe-6a5736cc100c,73,1505,2017-11-09 20:22:00.0,6fefd7b3_3799_4f67_b1e0_1312ffa353d9
58111b4a-91e5-4db1-8c36-038087cae1eb,29,2566,2017-11-09 20:22:00.0,ce24c411_ccad_4007_a846_1d3268aaab96
59dae8a8-556f-43d7-bc20-cbd89cdfa549,12,3508,2017-11-09 20:22:00.0,8ea8a679_d73e_46ec_b852_895b0904723c
5a786a63-40ba-4a2f-b4ec-102821e68998,22,148,2017-11-09 20:22:00.0,8237cc21_f631_48ac_9d9f_73458877eee3
5b01e65a-27b4-4c8b-a164-0a826ed817bd,98,2004,2017-11-09 20:22:00.0,007bccc2_8cf7_4adb_baf6_92417c9b3844
5cf90b54-0d51-4c46-9011-892bfd9eb42c,72,997,2017-11-09 20:22:00.0,f076e10d_85d6_4cf7_8b14_a2dafcb562dc
5d7ed814-220d-4f33-b572-0b3e9875c9a8,42,3137,2017-11-09 20:22:00.0,a8b2447e_e117_4456_b00e_9b978ca90300
5d9f3a39-7fae-4928-8719-8a6eafa5a50c,89,59,2017-11-09 20:22:00.0,7eb4241d_a91d_4cc1_982a_8c1a14df2558
62cfba4f-76d1-40a8-9157-49de821de7be,37,1496,2017-11-09 20:22:00.0,803e0c36_d07e_467e_ad8c_4bfaf039f8f0
64155748-aca8-4686-bc93-612136c291d0,15,1618,2017-11-09 20:22:00.0,da2b7f71_6bc6_426c_b4dc_e74519d026bf
64572170-61f8-4737-a212-16a60dafd213,72,3576,2017-11-09 20:22:00.0,8cf0614a_7151_4b5a_84f4_05e46d9b9b02
6871381c-5a8d-4c4f-bcc8-6709b8797eaa,10,2710,2017-11-09 20:22:00.0,225f4af3_1a94_4d02_818b_8201b0809dfc
688e123a-cae1-4793-97f3-fb4db6ef3b4e,31,2454,2017-11-09 20:22:00.0,3bfab766_c0de_44cd_ad9e_86dee185fe73
69a8f41b-9195-474c-8298-8e82a6a5a8e0,16,1666,2017-11-09 20:22:00.0,3ac87264_6c2e_42fd_917e_67ec920e3800
6a746df6-121d-4d5c-b354-5c719ca25f28,19,1793,2017-11-09 20:22:00.0,6475f532_bd2d_4a4b_8d8a_22f17835a542
6bb51adf-4f27-424c-9ef1-6f911cd92f7b,19,3365,2017-11-09 20:22:00.0,cc5d36be_a033_42e9_bcac_f06137e01c7d
6cace2fe-c998-427e-9870-56292f3ec935,2,1588,2017-11-09 20:22:00.0,91de7955_0d8f_46a5_841c_a6f79b93fdf8
6dc99634-fbb2-4971-b21c-5109260c6316,50,921,2017-11-09 20:22:00.0,4876c5d4_7b6b_424a_ba53_440178f7e3ce
6dcbd092-9d47-4eff-b094-a1cde7bc4dcf,21,64,2017-11-09 20:22:00.0,f0183ecf_5681_4eef_ac6d_ac7280d32f29
70a496a3-9a51-441c-84d7-592c399b323e,60,2416,2017-11-09 20:22:00.0,5de90220_0295_4768_b89f_ab445918a897
70c98a95-182e-4909-886c-1ddaf8cadf97,53,2907,2017-11-09 20:22:00.0,81a7f608_d833_4bfb_aa76_9bc69e29d5cf
718346ca-7863-4581-999e-45abeae850ab,19,1689,2017-11-09 20:22:00.0,38a76526_8da7_43d7_9f4d_8d18a21d064d
76942f36-8bc3-4193-9842-eae1d4c3d65c,67,638,2017-11-09 20:22:00.0,b8829486_d265_422b_8da3_b9544a754eca
7773a4ee-4373-47d1-9fd0-e54eacc85eff,2,3208,2017-11-09 20:22:00.0,ddd84a69_f4ee_4b4f_a68c_282bf79bef4c
778a7b17-8015-4bf4-9b93-e702ee191db2,9,679,2017-11-09 20:22:00.0,52b74d29_2df6_4f99_a61c_bfc3bc4513c0
77cffa00-5fd9-4cc8-b7ca-2e2454869c65,10,771,2017-11-09 20:22:00.0,e0f7521a_0650_43f5_84c7_87513ca9e958
79ce50ef-2ec1-43da-ac22-14ba11a3ed29,15,2174,2017-11-09 20:22:00.0,6d138c04_3765_4420_853e_213900c30ebf
7affd25f-8807-47ef-9ad2-9bb36ca7d5b7,93,2868,2017-11-09 20:22:00.0,b1b45ccc_d2f6_40d0_ac18_540cf67b6649
7bbe512a-9f87-4387-83db-f0eda1c92982,44,3235,2017-11-09 20:22:00.0,37f8d260_65fc_4f53_a37c_e530ea5d1291
7c5e35d2-b48e-4576-8025-51eccb53e0cc,76,785,2017-11-09 20:22:00.0,ca08b12a_9117_43f0_b063_f15f082c6045
7d4d0360-fe00-45ad-8945-27f9fcc6232b,51,293,2017-11-09 20:22:00.0,7543c5ca_091f_429f_bd2b_6c2e4c1fea30
7e87ff2b-f442-4d8a-b42d-fe5f658c4c69,20,1058,2017-11-09 20:22:00.0,f0b80a13_990f_4576_bba8_21d773e561f7
7eb618c1-f357-490a-84a7-d4883f8dccc7,21,3435,2017-11-09 20:22:00.0,0e528fe0_aee7_4031_931d_97728cf6ddf6
7f233cbb-4fcb-49f3-8582-fb315c622f29,11,3263,2017-11-09 20:22:00.0,5abc4b2c_ecc7_4e44_89f0_c62b2e80c74e
80323f61-e98a-4e0f-a59a-70a681966624,54,1635,2017-11-09 20:22:00.0,a83d4a0d_46d1_4a3b_803c_36f8aad6fb9d
81f07953-53e3-4f06-98d1-9dc6b476a76d,39,996,2017-11-09 20:22:00.0,a442cca8_6507_47eb_835a_47343f661615
85d02e55-f654-4c80-8d1f-b79ddac61e48,64,1613,2017-11-09 20:22:00.0,d08aeb5f_fb28_4295_8e5e_c77373ffdbca
85dec39c-4406-4016-b8bf-894bc0ab53d1,24,1887,2017-11-09 20:22:00.0,0f92f801_da05_4cc5_b276_e293eecfd217
864c5897-6edd-4896-8f93-72cacaa45db8,84,2063,2017-11-09 20:22:00.0,ed9924ff_1dca_489a_94cd_10690d84e825
870d1601-3fdf-41a7-89d8-f91cc53b7c46,68,2726,2017-11-09 20:22:00.0,a43d83c8_33f5_48c0_82d0_b55c9a01f22f
87f20942-117b-4ec5-b4ae-c456c707b582,99,1681,2017-11-09 20:22:00.0,7bb02809_6138_4a83_ba38_0eda9171f1c0
87f947c4-c2ee-4bcc-8219-79c26e8dca38,60,1836,2017-11-09 20:22:00.0,c0662617_85fa_4ad7_ae0c_49dc032b2748
8a345218-fdb5-4167-9e12-03cef3210721,2,461,2017-11-09 20:22:00.0,70ca442b_b38a_45af_ad4c_c41f8e3a2665
8b545270-5776-4b79-bf63-badfe53d5f61,42,1167,2017-11-09 20:22:00.0,f0562465_ea8b_4f17_9ad3_359314a1f104
8bd1d50d-bcd3-4b84-8c57-fe3672842b9d,32,2760,2017-11-09 20:22:00.0,54c124f1_a49c_4ca6_ad17_b0c78ebf8ae3
8c564029-2f50-43bf-85fa-f07a8c1f4626,72,499,2017-11-09 20:22:00.0,3139b8a2_3173_4860_af23_b2a09651c3d0
8c758c85-d4a2-4898-a714-ec2638f25a8b,49,2011,2017-11-09 20:22:00.0,1db6bb1c_ef94_485c_99c7_abcebef6a740
8e9f6205-79ee-4d9a-accf-d2a1ff05521d,30,477,2017-11-09 20:22:00.0,d575e889_a6dc_476f_9dca_df9b8bbfc4aa
944f7aa6-26c3-48eb-ba2a-3be5287a65c5,83,2276,2017-11-09 20:22:00.0,57aefb69_b058_49cd_9768_4f82c1a84f5d
953fe057-f740-4de5-8ec1-e3aebdee1b6d,72,1274,2017-11-09 20:22:00.0,12ef4aee_1185_4ab3_98e2_3242268f42be
9591d300-6e32-4f34-8cf7-72754edccd4f,51,1835,2017-11-09 20:22:00.0,0e00f1f9_1d2b_4b6b_9b0f_24e9b4285ce7
97c94fae-4555-4973-829e-4dcf6bcd4ac8,5,1239,2017-11-09 20:22:00.0,bfe6b37e_dc7d_4736_b1b5_7cc858649eb6
97db844f-43f7-4de6-8fe0-9b10489f1934,88,1677,2017-11-09 20:22:00.0,4bd9b6cc_ee4e_4e93_bdec_fe4f18fb1cb4
98efb42f-f00d-466e-ad38-02f27512806c,45,1049,2017-11-09 20:22:00.0,3ef6d064_3b47_498a_b34f_b1c864b71a76
9d41fc1e-ccd5-42de-8e20-4e1dadff7c17,65,2008,2017-11-09 20:22:00.0,e9679a6c_89d5_4ff9_a695_fa9ce1be1a3e
9d72f5ae-3f76-4aa4-9d47-9775c179871b,95,25,2017-11-09 20:22:00.0,8e8c0096_ec6e_4c72_921a_1bfac7128eb0
a03adc9b-42ff-48ba-9074-44a1eb832f82,28,3170,2017-11-09 20:22:00.0,641856f6_053b_4cd6_9778_4453c04ec9cd
a0a01068-544b-4f89-b065-291e874b2b62,89,2709,2017-11-09 20:22:00.0,32c885a2_94bd_460a_b096_925c3a6d5a45
a5664a1f-0449-4ae1-9375-6a7777af3b62,67,290,2017-11-09 20:22:00.0,74801069_6081_43ac_8ec4_d887cb081d20
a66bd012-6205-40e3-aecf-e50f8b6dab12,96,1771,2017-11-09 20:22:00.0,60db1991_affb_4051_92d8_28abec708778
a71244ce-8b49-4a95-8fa6-84d680f20b51,95,3424,2017-11-09 20:22:00.0,4097db79_72ff_44ee_a063_5b9560b163f8
a8849517-e293-4147-bb34-ec9dcbae0541,98,589,2017-11-09 20:22:00.0,bc671136_2b8a_446d_bc5a_49210faaa4ae
aa40c304-a3d7-46c2-bf87-d6d8bbea42c4,23,3273,2017-11-09 20:22:00.0,ff0ed706_77dc_4af8_9536_45d1b5ce7e17
aa97d50c-373f-4000-a4a8-f5e8ee79c417,23,1041,2017-11-09 20:22:00.0,8f9fd895_8748_43ea_8d1a_d4990c5accf7
aab7af40-c3df-4577-bdd7-d0c4bbf3a260,89,1358,2017-11-09 20:22:00.0,79775d0c_bc09_4438_b6e6_7d0e5b0c9b76
aacf08b2-2920-4cf2-a5b7-02f140ab7ebe,28,3519,2017-11-09 20:22:00.0,4f0c52fe_d60f_46e7_89c9_2bb2353070d4
ac953b4d-e257-499d-82c3-effd7c3436cc,33,1124,2017-11-09 20:22:00.0,85b1a3dd_e671_4953_ae05_b7888eac900f
ad6d84e0-eb06-46a5-87ca-da27bfcc301b,30,3512,2017-11-09 20:22:00.0,457c28cc_408b_47fe_8141_c48af7734d60
adee3f27-c9db-489a-a904-57a8e1740426,17,903,2017-11-09 20:22:00.0,a1c8a1d3_0ba1_49b1_9372_79655c92686c
ae28034d-8efd-40b1-8a14-46e10f418fa4,97,1066,2017-11-09 20:22:00.0,7503c550_a671_4599_a583_b1d6eefab4e8
b08be11d-78bf-44dd-a941-cc929a3f1b26,67,2126,2017-11-09 20:22:00.0,574c45c5_6949_4efa_abec_1815a8bd1feb
b1269173-f0f7-406a-85a5-398c0e634920,64,2074,2017-11-09 20:22:00.0,f3353c63_618a_461f_9059_2bbdd276e99e
b1348d51-5391-41e0-a27f-86181b3cc180,34,1777,2017-11-09 20:22:00.0,cb116fab_ec8d_4a5f_814f_aadc182dc424
b16ba525-afda-4564-a1f8-d319aa9b5e5d,100,3423,2017-11-09 20:22:00.0,ee6926a1_8605_4717_b2dc_254c79b45f8f
b23764be-d610-436c-a455-0c05319a8951,59,1967,2017-11-09 20:22:00.0,3ade1944_807b_4851_9d0b_4b3a6001b786
b2d2dcf7-9247-44a4-b24d-f76fbea6a12d,28,2268,2017-11-09 20:22:00.0,63c435d4_bfd2_4173_b4a6_a10508785b6d
b3efa8fd-35d6-41f4-8318-f4fc2e75369c,66,3416,2017-11-09 20:22:00.0,da02ae8c_f967_4e43_b9fb_13c95480812d
b40c9d0b-f467-4db4-b7d6-e579ea7fc275,88,3146,2017-11-09 20:22:00.0,2d88455b_f6f6_43fb_aab4_82ccc8579087
b59c5b46-a444-4cc5-a828-a12dd6732ca8,83,1838,2017-11-09 20:22:00.0,60396171_be50_4396_aef7_189ac409cd28
b7264058-f913-41c0-9f6a-3e2f556d6b06,56,1827,2017-11-09 20:22:00.0,2eb74c1e_08e7_44ee_b4c6_da74166fbddd
b8959ef6-cfe2-48f5-8127-fedfeeadaaea,75,529,2017-11-09 20:22:00.0,77409a59_24fe_4fe2_bb3d_92259e754fba
ba6c1529-f419-49d2-8f42-a22e09b3c355,76,2629,2017-11-09 20:22:00.0,78b02c8a_b11e_4ccf_9a92_2f763f420c16
bc091e8d-95e7-4061-8601-bbe3544028b7,91,554,2017-11-09 20:22:00.0,37f79d85_10c2_41c9_b789_da1b16b8fa5d
bcd82a31-f0b1-4b56-b06c-dac19f46ad6e,100,2553,2017-11-09 20:22:00.0,7e8a86ac_9ffa_4d82_85cc_c070d9da80df
bd1ec74a-2b56-4a92-9dc5-f2c82da50553,58,1104,2017-11-09 20:22:00.0,9464124f_ccb5_46c9_ab48_72eac3c840a7
bdd4aae5-b60b-4112-be3a-ad702c91ad43,15,1725,2017-11-09 20:22:00.0,27a99037_d927_457a_b4a3_7ed9f3d390d1
c35898ac-42ab-496e-84d2-0f3936401db8,33,1674,2017-11-09 20:22:00.0,5a5c7667_0654_44ab_bd57_a0f7388e2459
c3aa4feb-2536-438c-9720-6bc6aa6b37f0,3,2136,2017-11-09 20:22:00.0,47f3b7c7_9b54_4a6a_848e_2ddd000f5b13
c583f10c-2924-4692-8155-0580e222ee37,8,2817,2017-11-09 20:22:00.0,4b9cc2d9_fb47_4662_9ce9_2604601ed947
c5a427cf-0701-4375-b041-d7f2a924df52,57,2349,2017-11-09 20:22:00.0,ff4c197a_eb4f_4e77_b521_b5af14d556b3
c633497a-e925-44b7-ae08-26062b204d01,56,2040,2017-11-09 20:22:00.0,7b06b64c_cda3_4227_a1c4_23169c1181e4
c9cea2fc-4d3e-41cd-b3e1-35b5f62f5bc6,39,1463,2017-11-09 20:22:00.0,fa220309_04da_4ad4_a051_29bfe9894d95
ca1cf9d7-0f24-4720-9986-a31807fe8bd0,17,33,2017-11-09 20:22:00.0,c4a19ef5_5707_4fd0_8a09_ec667f2607b8
cab048d0-f30c-4b21-860b-0d6a23366b87,44,3582,2017-11-09 20:22:00.0,1e2946fd_cb9c_41be_bde4_f35dfe50c085
cd426e5e-89fc-451a-899c-178bffa19479,73,340,2017-11-09 20:22:00.0,4139d980_2071_4db4_aa6e_4f7dfcffdc53
cdf07079-7ae9-45c0-885c-df01f454ffa0,93,1028,2017-11-09 20:22:00.0,d24f7a10_5663_446e_89b2_a7f20c33b837
ce8dae9e-ac38-4790-8587-eb1d258e3dc3,34,3017,2017-11-09 20:22:00.0,b6bf6c65_64ca_4bb2_a9df_1bc01ee82713
cf56ec86-a30f-4e29-9296-b2919a002d11,23,3080,2017-11-09 20:22:00.0,1acff61e_d141_40b3_958f_67f58b1be106
cfcab691-6fcd-4bbe-8e97-5d686ca20c58,6,1710,2017-11-09 20:22:00.0,055e14fc_4a89_4516_a12c_9ac6a02ad079
d0c10829-2556-425e-b66c-62a8c1a92247,67,2102,2017-11-09 20:22:00.0,fac681fc_1082_404d_9469_547b1fb6929c
d1bfd3a6-a361-490d-bc79-7411a606425f,4,327,2017-11-09 20:22:00.0,3fc559c1_284d_4f3d_82a1_b60bc73b2cc2
d5bd9c93-bf07-47d0-8384-d7a00030753b,67,3282,2017-11-09 20:22:00.0,6bacca8c_7db6_49db_8742_7001706a7fc6
d7287ba7-440a-4484-8258-9268c51c48af,96,1421,2017-11-09 20:22:00.0,c0a2cf0c_fe78_41a1_a0d8_cf08f566f6ad
dd7dd429-078a-4371-a3a5-e4054a69ab54,88,3304,2017-11-09 20:22:00.0,a356441e_51c4_467b_b39f_db72b18d015d
dda495b7-2293-444c-a5de-eee15f85aaee,67,1498,2017-11-09 20:22:00.0,bbbf5a9b_c9c3_4e5e_8f97_c8621aeff180
ddf854ff-535b-4199-a8dc-5fb02ab57516,92,3253,2017-11-09 20:22:00.0,4802836d_40d2_4fd3_8889_498d00064284
df6009ed-a547-4915-b9de-1b36670e5cc5,48,1601,2017-11-09 20:22:00.0,cfffe2f5_ba65_4f9a_a801_b315d8d1e44a
e140b99b-8c96-4cbf-9895-bb693f0c848b,47,682,2017-11-09 20:22:00.0,ad0c32a0_e6ec_4e03_947b_f3b39a128354
e3745b12-4b8a-4a1d-832b-52de19e87248,55,2759,2017-11-09 20:22:00.0,58944634_3934_46c3_ad57_c38f5f4ea3e1
e395e608-561a-492f-83d7-24e28ac3f1a3,46,3044,2017-11-09 20:22:00.0,fb58ee23_4f6e_4e43_8599_31651b2f201a
e3cfb80b-746c-4fa6-836c-16b4e240ed0d,24,222,2017-11-09 20:22:00.0,e88eb477_a9b3_4d7d_8b95_33856168037b
e4049c16-7ce3-4dfe-aeb7-a74d37f4ab89,36,2644,2017-11-09 20:22:00.0,76f7a2d9_f577_4fae_82de_7f881b2b389b
e46b1296-f0dc-464d-8b65-dc4bd631d90d,30,2051,2017-11-09 20:22:00.0,5dac83c1_c786_49db_9015_3bc04a633bab
e4bb2866-a553-464e-9fa2-5e48b49e541a,70,1068,2017-11-09 20:22:00.0,a15d8252_0769_4ce1_9898_7c912232267d
e527a95a-0072-4b87-af20-107106d7390c,83,1013,2017-11-09 20:22:00.0,911ae3ab_4497_4b71_82bf_e8ad9c0937dc
e6af27df-f56b-4ee9-b194-5f9d2ceb5326,59,479,2017-11-09 20:22:00.0,66e92a66_16b6_40bf_b8a8_50b2a592c7d3
e7dd9a5d-07ae-433c-90dc-62e4d0fdc347,62,2016,2017-11-09 20:22:00.0,a7b90348_1c0c_4861_8984_499f1be364c0
e8fbe274-8829-4ad8-b5ae-08f55e936142,63,2221,2017-11-09 20:22:00.0,ddc44f22_a3ad_4efb_9028_e8affec6f4a3
e99edd62-f2b1-442e-a50c-7d57ffbfd5b1,11,1355,2017-11-09 20:22:00.0,d882b634_fd59_452d_947c_8dc3936ae5cc
ea015f9c-32c4-4c4a-9c0f-e3fe384280a4,22,287,2017-11-09 20:22:00.0,adf2bd86_2b23_4216_86bf_c51d24959f4d
eb190fd3-7358-4054-b019-eaf57829e026,2,564,2017-11-09 20:22:00.0,6ead1968_efec_4b98_aa54_287e34263f7f
eb618d6d-5e48-4486-93a7-cc97cbcb4f79,83,341,2017-11-09 20:22:00.0,615f061f_e6eb_4b67_9f3c_c77b72c169e5
f01b3c21-0c67-423c-acd8-c77b41a92df4,24,589,2017-11-09 20:22:00.0,4406cf86_4959_426f_8016_e06fddda60dd
f152b725-5814-4602-8b7a-54d79d9a1c5c,10,177,2017-11-09 20:22:00.0,4f797657_f887_467b_b70b_928484d71bf9
f253546a-2dbd-4d56-ba05-7e1b8fd8dee1,7,607,2017-11-09 20:22:00.0,dabb2677_f2fb_4221_8e6c_6540679c41bf
f559ceee-aca2-4cdb-8d41-7de70d2573b0,70,3278,2017-11-09 20:22:00.0,34aefad1_1d3c_460e_b33b_8b5b79f44199
f744da35-975f-4889-a5ef-a2aa36150d0e,41,2861,2017-11-09 20:22:00.0,71783b2d_b93d_4c9f_8eb2_443e71b774ca
f7c918cf-9ead-42f2-b257-7db1666b2289,80,674,2017-11-09 20:22:00.0,2b2b70db_3e76_448f_a7ba_8ca8fa2518c9
f987cb0e-f069-43fd-8011-097940b44843,90,720,2017-11-09 20:22:00.0,9421f320_ca22_42e5_81e6_d2869d735c2f
face5cfc-bd64-4592-9403-0bc28e84e700,28,3413,2017-11-09 20:22:00.0,f06cf1aa_99c1_4911_af1f_27aaf87dd72f
fe22fd3f-4e3a-4ba4-acb3-e6d15b393912,85,3450,2017-11-09 20:22:00.0,86740472_f142_4f14_be82_3a47f89fcc47
feebd46a-cb16-4986-bb09-482c4a767eee,2,2210,2017-11-09 20:22:00.0,a7883ee8_2c00_4448_b49c_50e4773bf419
ff6c4e52-6425-41fa-8b0e-8d865d64c4f5,93,191,2017-11-09 20:22:00.0,879ffa43_ee8d_4094_a9f7_c5199ac2f816
