01ad9462-42f9-4cd1-b8e3-cc4e581c1173,ea9425ea_c663_46f9_8054_c1f4a6c9ce49,3026,2017-11-22 23:00:00.0,vSensor1
03d8a8cf-f10e-46a6-841c-0d3f6e05f4a2,d6105c74_2500_49fa_9a0e_bb45559778cd,5234,2017-11-22 23:00:00.0,vSensor1
083f4aa4-7687-4de3-8087-e05d4fd119de,a839733f_0ea0_43f4_a94f_29f7b38d88c3,5069,2017-11-22 23:00:00.0,vSensor1
09db093f-c02f-4f74-9305-742b273bdd39,a21eb755_634b_4e8f_a2d8_66b1318fc0a6,2072,2017-11-22 23:00:00.0,vSensor1
0f879175-7f4d-467a-9b80-6e022808762b,094e13f0_58cd_4c54_b2a2_ea0f68eaa650,6210,2017-11-22 23:00:00.0,vSensor1
10f60ba3-bf01-42bc-bdd2-a383b0f84e36,a17ead7a_e914_43b8_a3f5_114e60638331,5069,2017-11-22 23:00:00.0,vSensor1
111293fd-f7f6-45ee-b42f-20dbb8d92def,b1412343_a938_4a4d_a010_dbe38630469e,5076,2017-11-22 23:00:00.0,vSensor1
11c98117-43da-4dcb-a2d6-45d8b59c9ad5,c91c528e_3d22_4ea6_a078_32a502c42502,6036,2017-11-22 23:00:00.0,vSensor1
13d6ebdc-7898-4332-bc3c-25bb23859227,0c3b183c_5b25_4829_9ff1_7a803c9d91a3,4038,2017-11-22 23:00:00.0,vSensor1
14408cb8-8305-4440-8358-ce06589d5b54,8c8d0a20_05fd_42f4_9587_cfd63c7b5381,2100_8,2017-11-22 23:00:00.0,vSensor1
169ab50a-4c4b-42cd-887e-2f2288e37e56,b5bd0713_c3c1_4009_8459_4f50d4288f09,2069,2017-11-22 23:00:00.0,vSensor1
171722d0-b717-4a3d-8162-fcee6a298974,1e1172c1_c99d_4f30_bc1d_1947a99c3346,4066,2017-11-22 23:00:00.0,vSensor1
19ef7e08-7b98-4013-9d8f-070fdd3c2231,5eb21211_1e9b_4e17_ba7b_e263b84a4225,2042,2017-11-22 23:00:00.0,vSensor1
1be1bf59-8974-4dfd-9fd3-0243d6b80b31,4f2037ef_5e65_405d_9401_3060abd73d87,6039,2017-11-22 23:00:00.0,vSensor1
1c9b6937-04a2-43ba-99dd-a47231c310e2,b3069801_a21a_4625_9509_cee5e436d2e0,4068,2017-11-22 23:00:00.0,vSensor1
1dd43a9a-e85c-4a13-92c0-28d57b6a261a,a8213da6_a620_417f_9f9b_9100ecd17538,2042,2017-11-22 23:00:00.0,vSensor1
1e88861c-229c-4507-a0d7-082f53a37486,14f7054f_b8ec_42d3_8997_e765c725affe,6088,2017-11-22 23:00:00.0,vSensor1
1f81d8ae-c9aa-4816-bb0a-74d109d83a08,d18cc178_6a50_4d8c_81b2_2d17840da10f,2066,2017-11-22 23:00:00.0,vSensor1
232c2bf0-e871-41bc-a4c6-6373ca404f37,362df18c_3df3_497f_8124_c649ad74f591,3069,2017-11-22 23:00:00.0,vSensor1
232dc1d1-1401-4f0a-bf29-44caf3ca9540,523cc0af_6212_427c_a722_dca1a30af9c9,3074,2017-11-22 23:00:00.0,vSensor1
28ec8f36-b9fb-4b34-9b34-8b1b98fd9fc9,d685004a_c1e8_4afd_938b_82c9f5b4fcb5,6046,2017-11-22 23:00:00.0,vSensor1
294cd197-8bdb-40d6-ae32-a4f010fb4134,ec00eb65_f0f8_4c43_9d78_51900f162f84,5092,2017-11-22 23:00:00.0,vSensor1
29dcb071-9459-4430-a19d-b84b20d7b4c3,efbfa2dd_ab19_43e2_ad06_c77acdb6e453,5065,2017-11-22 23:00:00.0,vSensor1
29ef638c-8031-4609-88a6-1b5e4274eed4,e8d48ac3_9604_4ec4_9dff_a6e0f681e229,2002,2017-11-22 23:00:00.0,vSensor1
2aef1ebc-c6ad-4792-9187-82933955cd51,c84286af_4065_4727_b7b8_b18ef0d4cb0d,6215,2017-11-22 23:00:00.0,vSensor1
2b99402a-c6b5-4cb7-a37d-9bcd8b8ecaaa,75af3b73_a523_4bee_99e1_f8023dcca8f0,5092,2017-11-22 23:00:00.0,vSensor1
2dbdac90-88d9-48cd-8d3f-f9de099611b8,852bb39b_dc7d_4cac_9b8a_5d52b299b08e,3062,2017-11-22 23:00:00.0,vSensor1
2e3c1ae7-b393-41f6-96c9-97d9d3adde7d,abb17ac1_375e_47a2_bfc1_f02a4b951551,3051,2017-11-22 23:00:00.0,vSensor1
30c8fa0b-0f39-433b-86af-71d7ea76a0c0,33296aca_1193_44e3_81df_575ad573ac40,3044,2017-11-22 23:00:00.0,vSensor1
319a546d-a7a6-4b60-bea5-47d3561fac03,296764b3_721e_4512_aa88_a89bba805e06,3202,2017-11-22 23:00:00.0,vSensor1
32c242d5-01a9-4688-8533-0216121c7e95,5646f4af_a477_4ca8_b908_50e4f0873857,5212,2017-11-22 23:00:00.0,vSensor1
33d3a53b-7c82-4234-9989-4db884991985,7577a5d9_95b9_4014_ad82_078a2e191a9c,4064,2017-11-22 23:00:00.0,vSensor1
376aa4b4-f4d6-4387-ac73-e6b95a2a3391,6685a44b_ffd5_4ab2_be8b_528851fc6304,6028,2017-11-22 23:00:00.0,vSensor1
39f10282-415c-4685-8b66-6b458a1bbcd0,503bcd8d_b19f_4bf0_bb9e_446b8e6ad869,6062,2017-11-22 23:00:00.0,vSensor1
3a10a40c-d1a6-4ea6-8042-7c0acf3b9945,871ae009_e802_4e15_9e16_74b58738e12c,4241,2017-11-22 23:00:00.0,vSensor1
3b0da489-4019-42ad-bb9a-503895b18b9c,7732e660_0aca_457b_b896_7bd3eef3c4a2,4061,2017-11-22 23:00:00.0,vSensor1
3c23ee74-02f8-41f3-93bd-8653a53ec295,bf4482e1_6779_45a7_86ba_d272d8b31a33,4011,2017-11-22 23:00:00.0,vSensor1
3c3aff7c-bd57-4ea5-b059-1b8f2ac2adaf,d7ed9523_0a54_452e_8c74_00d651f59bec,4231,2017-11-22 23:00:00.0,vSensor1
3c56831e-d0c7-49b7-b809-7fee576e29b5,c6392d84_2f17_41a7_b869_9008cb512ef5,6211,2017-11-22 23:00:00.0,vSensor1
3cc1603a-4ad5-41b4-8a02-d87b7c88bedb,f1e17ef0_5091_4bfc_adf5_8cbd068b0279,1600,2017-11-22 23:00:00.0,vSensor1
3ddd2e41-c107-4355-9ec3-9b3d1978ee2a,ac5d341c_c7ea_427c_bb6b_d5f1b46c9e7e,4211,2017-11-22 23:00:00.0,vSensor1
3e0c8e1b-c8e4-4fd1-a404-59ae9641da45,ab9f3299_1ad5_4e54_9ba5_177a13b7acfa,4056,2017-11-22 23:00:00.0,vSensor1
4030c103-d7c9-4590-bf92-03f8b8158bf0,f2f21821_74c6_4cb1_bd23_6913f72294fb,5100_3,2017-11-22 23:00:00.0,vSensor1
4106890a-5aa5-4791-ae71-3794c6beeff1,ca5c622e_327e_4239_80a2_c7433d8b05ff,3074,2017-11-22 23:00:00.0,vSensor1
42f35c84-6e95-4e0a-beda-c9149e6b934a,1dd30c68_a0e2_43d4_bc05_eba96e8c72f2,4042,2017-11-22 23:00:00.0,vSensor1
434a0a51-9dda-401f-9076-c7094ae42f00,fe8fe6d1_43b7_4ada_a7c1_129e58970bf9,6218,2017-11-22 23:00:00.0,vSensor1
43b83867-0310-4b12-b9ca-4803066b751e,3a1ce14c_bad2_4060_b026_473f6974087f,2241,2017-11-22 23:00:00.0,vSensor1
450dad42-39f5-45da-b37b-89bedefb0dba,6c335dc2_f95e_4aef_b338_c653d75d948b,4082,2017-11-22 23:00:00.0,vSensor1
45244fd7-ea68-4f80-96f5-38d0a4677c4b,050fc9ed_2208_403e_82a1_4d1d74756d1a,5038,2017-11-22 23:00:00.0,vSensor1
45b4c4f4-5e0c-44d4-9fee-e1512e175251,09ab309d_25ca_473d_aa1d_59b3f6b313af,6024,2017-11-22 23:00:00.0,vSensor1
468f9199-68f7-453f-8ce8-93e7750f7ee4,414bba48_14f2_4dad_b57e_73d3e2a96cb2,4086,2017-11-22 23:00:00.0,vSensor1
47df8ec6-4d68-43f0-a534-af4c3a7c938b,2f000922_1bd1_485b_a46e_9409bf0e1171,1100,2017-11-22 23:00:00.0,vSensor1
498da4ec-bd3e-4ed2-966f-2c67bc7469b5,b291c57c_ab0d_4825_ab5d_69bcf2eee314,6062,2017-11-22 23:00:00.0,vSensor1
4cb1c47d-f3c5-453b-a841-2b4451de63aa,a78c6d2f_51b5_47bd_9e60_f25732938ce2,5243,2017-11-22 23:00:00.0,vSensor1
4e097c0a-194f-4296-b8f3-bc1c6d834d16,fbd799db_0940_4d78_a50d_bbec9bcc8105,3059,2017-11-22 23:00:00.0,vSensor1
4f8a60d2-2ab3-450c-82d7-aa4af28be50d,67256698_1c34_419e_bfd9_78ad22701555,1423,2017-11-22 23:00:00.0,vSensor1
533f82db-a89e-4637-b57b-d60f51910217,a766b157_d673_4760_a9ec_04236bffadc9,2076,2017-11-22 23:00:00.0,vSensor1
5369b876-5493-455f-8dd3-d743b14880e0,79ae7890_c179_446d_ba3b_1c29082e6c3e,2004,2017-11-22 23:00:00.0,vSensor1
53cadca7-02fb-461e-b8be-8e521625b887,13c679a5_870c_42ca_b845_baea1ccaf144,5204,2017-11-22 23:00:00.0,vSensor1
545d7022-2e4c-46f3-b419-f379537b1654,8f54fa61_7b89_4014_b382_19c7da3d8f72,4061,2017-11-22 23:00:00.0,vSensor1
559020dc-0788-41b1-9267-17d5c2e9ea03,d20e40a2_7ba2_43ed_9aa3_c71d011772ac,5209,2017-11-22 23:00:00.0,vSensor1
58fea871-f8b4-4c03-80ba-d3b28eeee649,8bb0b6d7_8543_4004_b806_2a40befb9a02,2042,2017-11-22 23:00:00.0,vSensor1
5938781a-3f68-4723-a918-a475cbb18ee0,6ff0bb72_6d54_46f3_9a92_980fc8747ef7,2222,2017-11-22 23:00:00.0,vSensor1
59c08bb4-ab1f-44c8-aa2f-cdd719841b45,0ba7e508_58bf_467c_89ad_67a6f668274f,2084,2017-11-22 23:00:00.0,vSensor1
5ce53683-1a23-4610-b034-59f453cbf954,c8f56e93_5f51_4cab_a76c_1a3285ed6315,3089,2017-11-22 23:00:00.0,vSensor1
5db3f05f-63cf-4973-9d7c-44066738eb6b,53a919d3_09bd_4649_98a2_fed9f41de814,6044,2017-11-22 23:00:00.0,vSensor1
5efb700c-2d5f-447f-862e-cc9ec0ce7017,7c834d9c_3211_4d41_b7bd_ee1bc8275724,4038,2017-11-22 23:00:00.0,vSensor1
5f582bd8-b49b-4dc0-8e35-c8e3f5f70c57,288abf01_55a1_4306_a9df_6788b95f9c37,6056,2017-11-22 23:00:00.0,vSensor1
5fe201b0-c558-499a-8b08-6e0d2dd17abe,bd3fe49e_b574_4a69_a5b8_b27136a3a371,2234,2017-11-22 23:00:00.0,vSensor1
6315a4c4-3e9b-48d3-a0f5-b0dc1568c8ec,38a5dd3a_51d8_4ea6_bdf3_3c154e5b33a8,5058,2017-11-22 23:00:00.0,vSensor1
6352d06e-0af9-44d7-9dee-c537e8113186,6a4ff0a8_3860_459c_9a46_161fd9585989,1420,2017-11-22 23:00:00.0,vSensor1
648199da-f7bd-4e41-8a1f-ff2cb8c448fc,9f28568e_f890_45eb_a262_0cbc4df44935,2048,2017-11-22 23:00:00.0,vSensor1
64cab9b5-bba1-4c66-b540-5116c09d154d,b49c5b83_a811_46ce_a813_8cf1f1c72180,4048,2017-11-22 23:00:00.0,vSensor1
67b27611-c54a-4487-aef6-07fc88b33b2e,1fffd48f_ba52_4f83_b959_54bdbc1df97f,2216,2017-11-22 23:00:00.0,vSensor1
6a8e89e5-7b62-4eee-b0bd-a2cd9a30591c,8d526420_b9ea_473f_aea6_f59a50cc921d,4061,2017-11-22 23:00:00.0,vSensor1
6a96cfb4-4185-4f7d-8908-473749d1b81e,fc898943_f5c1_48d7_805c_0a49a2a90936,1420,2017-11-22 23:00:00.0,vSensor1
6af99837-99d8-405f-96e6-a0113f2f54bf,65a5a855_c8d4_4ba3_8375_5ab373df101f,2089,2017-11-22 23:00:00.0,vSensor1
6bf0ac83-7965-4f0c-be81-7cdb39a068c4,04c25a67_8125_4a6e_bac7_2b472d52db87,3211,2017-11-22 23:00:00.0,vSensor1
6c661f19-943e-4696-a513-d4e11fd7bc4d,4ae948c0_3796_4f00_9025_54d6fa7eb0e9,5202,2017-11-22 23:00:00.0,vSensor1
6d951207-0b54-4cf0-a0b3-70da261e65bb,8358c62b_9909_4c36_a2dd_c5eac01fc71e,6066,2017-11-22 23:00:00.0,vSensor1
6fcae808-bc96-45e9-98db-fa87703e34f0,0fd85aac_1fba_4257_b0b0_2ff3297c8646,6211,2017-11-22 23:00:00.0,vSensor1
718f7274-9c81-4f60-bc04-e8405855acd0,a47e085d_ba64_474a_8e36_4b8a2c46d3cb,6074,2017-11-22 23:00:00.0,vSensor1
73e4704e-71b2-4f9c-b483-d4a6f29db9b5,dc0ee937_a090_40af_8dec_3e9311d1302f,2052,2017-11-22 23:00:00.0,vSensor1
74aaa1f6-c0c8-4fac-99c8-e4b08b5f58a9,c7f84aeb_f928_4930_822e_5da0d5239502,2008,2017-11-22 23:00:00.0,vSensor1
7720d211-9cab-46f4-998e-8e2f8b96b5ab,aafc5b87_e79a_4d53_81c7_3a300c9a9c24,2091,2017-11-22 23:00:00.0,vSensor1
77210af7-c345-419a-b49f-13b15123b816,96c2048e_1ba8_4a41_b52e_470a28f35116,2100_8,2017-11-22 23:00:00.0,vSensor1
7831b18f-9419-48f9-b819-6cf54dc1099a,c3e474c8_8a2f_4864_a144_6fd782b226db,4082,2017-11-22 23:00:00.0,vSensor1
786df1ba-f363-414b-b6d7-3c80267709c7,f3621761_5a51_40b3_a769_9fbe1aabedb4,1423,2017-11-22 23:00:00.0,vSensor1
78de2e16-095c-4356-a1c7-d8397d698ad9,2fdaaf35_4d84_44eb_b8bd_520bbc80e56f,1413,2017-11-22 23:00:00.0,vSensor1
7bc5fa8f-d364-4c5b-8110-491961caf474,c0a6e5e7_4513_4ed1_bcf8_91d083892d64,3008,2017-11-22 23:00:00.0,vSensor1
7c241389-76f7-4675-ab5a-95e010b2f4f3,e40d7496_80c2_484d_9517_59cd912d84ab,5224,2017-11-22 23:00:00.0,vSensor1
7dbb4a9e-f061-4139-a44e-cf5f3aebb3aa,9d894c01_eec5_4bfd_95eb_e107cdbbb828,3211,2017-11-22 23:00:00.0,vSensor1
7ecf8d5c-c0c3-45e5-bb77-5ab8c50ceccb,1b2c69de_1d9e_4d0d_bd4c_41a677511b76,2064,2017-11-22 23:00:00.0,vSensor1
81310b3d-8b28-4530-8d61-86d0f07e5598,2baf0a1f_6d3a_47bd_9137_05ea3692bda9,5061,2017-11-22 23:00:00.0,vSensor1
81e65756-22c3-48ca-bd57-2d8708cc87c8,c96e6950_1a83_43ba_9210_4fdb8cbfadc7,4002,2017-11-22 23:00:00.0,vSensor1
82a53c18-ede8-4e68-85d0-2671d9ce2750,9a36c645_56c6_49b2_8981_a14a178eb616,2044,2017-11-22 23:00:00.0,vSensor1
84b6358d-69c2-4bbf-aa94-2a03d9c9314a,97b6275b_96fa_48ac_a1e7_13513de487e1,2004,2017-11-22 23:00:00.0,vSensor1
84fe3b44-01ab-4634-a171-ff25ededcffe,85d91390_5b24_443f_ac1b_144e11c90cb3,3216,2017-11-22 23:00:00.0,vSensor1
85b3a01d-0886-4ad9-81b2-f5e9e8cde242,1c353c58_4a8c_4764_8ab8_6cd2bd401c1f,3066,2017-11-22 23:00:00.0,vSensor1
85bb9ff3-aa5d-48f4-a155-ab1f3e77c460,cc7cd9a4_713e_4ef9_b304_39a41ba8d22c,4084,2017-11-22 23:00:00.0,vSensor1
87c7011a-06f1-4e33-8b12-031ea18dc0f8,f817e256_116c_407a_888c_0117040c95be,2051,2017-11-22 23:00:00.0,vSensor1
87e2a047-e086-463e-949d-4188457230bf,816647d9_bea9_41c1_9c37_a1ff652bc018,5076,2017-11-22 23:00:00.0,vSensor1
88d0aec4-37d7-4977-bc7e-eb1e2153b26a,394b5d19_259a_460a_9712_62f75461e38c,6028,2017-11-22 23:00:00.0,vSensor1
89562861-386a-4825-af48-b8005601007a,ea9279e8_548b_4468_b5d3_807135521839,2064,2017-11-22 23:00:00.0,vSensor1
8aeab3a7-d675-4886-81bd-d42728d1d514,df868e1c_7842_465d_bcb6_4e95379f4aed,2065,2017-11-22 23:00:00.0,vSensor1
8b53f24e-d461-47f7-80e1-d8286bea779c,825c0e00_7980_455a_8ac7_a95a016fe5f9,4243,2017-11-22 23:00:00.0,vSensor1
8b9612df-d2a8-4784-8de2-67438a3b6d4e,4419112f_eaa3_4e1d_96db_bed55ec9a657,6211,2017-11-22 23:00:00.0,vSensor1
8c010552-f848-4ec8-8cb5-6422ba691b7b,3d17d280_a727_407f_af81_e87f7b26bb97,5100_1,2017-11-22 23:00:00.0,vSensor1
8c4c001d-1472-4e2e-b572-41c7bba17809,709c559c_631a_47b0_acfc_9fe573d5f77e,3224,2017-11-22 23:00:00.0,vSensor1
8ce82010-fde6-46fc-8715-b7f18cf31550,3b9f0ddb_1c36_46d3_a2f4_8026deb4c7dc,5061,2017-11-22 23:00:00.0,vSensor1
8d35acf0-d557-4e81-8278-68bdc9bae899,d1f1fee2_7855_4c76_ba82_8e064408c92b,6026,2017-11-22 23:00:00.0,vSensor1
8d7d64d7-b6fe-4cbe-8d25-9f84691ffbc7,2dc56ebe_d563_44af_a0a6_cdb5e469d1cc,3038,2017-11-22 23:00:00.0,vSensor1
8eb4a692-5100-4863-ba16-6639bd62b8dd,2b1feee0_23a2_4e78_8e72_ccf1b2db921f,3206,2017-11-22 23:00:00.0,vSensor1
92362183-f222-4a4e-8303-df6d1985312e,a67755ec_971a_40f4_b431_39d6a5ba87b0,3011,2017-11-22 23:00:00.0,vSensor1
92b1500d-05c5-4967-860f-6d65d52e0dc9,0eae83df_2886_4aaf_ab45_4c9ba29cb78f,4088,2017-11-22 23:00:00.0,vSensor1
93d25c99-679c-4e58-8862-d69cc9d2b933,53fd9f3e_9f91_4bf6_9fc4_e96a8bf3dc79,6136,2017-11-22 23:00:00.0,vSensor1
958939fd-0d76-4341-bb39-8e1921d132f0,43498cee_459a_48ff_90b8_575df9a914a7,1300,2017-11-22 23:00:00.0,vSensor1
9758b958-bd6b-4fc1-8e20-c071cbd38d6d,a826e46d_e9f3_4666_a9db_8c14f2a3ba60,6044,2017-11-22 23:00:00.0,vSensor1
97fab550-b459-455d-84d6-686579fe9321,082ef4f5_7b38_4cb9_b361_88a1b0b93d69,3054,2017-11-22 23:00:00.0,vSensor1
9bb4540d-d163-4a52-b5b2-c9e2e40445e2,315aa8ec_2418_410b_b842_ef1d3ef75dcf,3062,2017-11-22 23:00:00.0,vSensor1
9bf0b533-ca67-48f7-b245-8e896f6a5cb7,62f4dc3c_9ef2_4a0c_86b3_ae8422d19fe3,5224,2017-11-22 23:00:00.0,vSensor1
9d1ef76b-d377-42fe-90fe-608657589312,dd225d37_5f7f_4bc6_bdef_c72fc12e1940,3061,2017-11-22 23:00:00.0,vSensor1
9d572492-c509-4445-8e6e-14fe46d9c680,aca55db2_ebab_48b2_be99_0769ec07f168,6062,2017-11-22 23:00:00.0,vSensor1
9d9748c8-505c-4f4f-8d6b-5d125bb9c280,5413b6d4_db74_47df_8fc9_3eac2cc307ac,2068,2017-11-22 23:00:00.0,vSensor1
9e61e390-2d66-4df1-8597-ae7f038dcf51,471fd54d_1138_4534_be3d_4bb2c812f1c2,4038,2017-11-22 23:00:00.0,vSensor1
9e684496-9e41-44c6-9618-6d742685f65b,d1b4633e_bd78_47c2_b19c_440a281c3ad3,2068,2017-11-22 23:00:00.0,vSensor1
a069b193-b1fc-483d-a604-ded727570ce3,6e40ecd4_8adb_4d31_9382_2af4df5f5327,3202,2017-11-22 23:00:00.0,vSensor1
a1b78a88-0854-48d8-b7cd-7377e0e840df,719f0aa8_7a40_4718_8a28_4fa127dc5e63,3099,2017-11-22 23:00:00.0,vSensor1
a5f326a0-d6e4-4de9-a1d5-92336fa69e8c,6c3c39e2_5410_47d9_9b21_47454ab0921f,6074,2017-11-22 23:00:00.0,vSensor1
a60cfb86-8440-433d-b3da-6b64249dce86,6392d304_9062_4b47_af46_791f6001c175,4099,2017-11-22 23:00:00.0,vSensor1
a62190a7-2a31-4bac-b8a0-3400c654e56e,7d51b9a8_6ca0_4cfd_b6d3_0682e968d7e0,6062,2017-11-22 23:00:00.0,vSensor1
a742d865-49f5-40bb-a311-ad4c07aa30c2,c8d5e430_3952_4e93_9e33_1ae0cbe841cd,6074,2017-11-22 23:00:00.0,vSensor1
a87e9688-95ea-454e-9b90-d439d3f77354,11043373_ee4f_4d9d_8fce_9d29f74b15f9,2069,2017-11-22 23:00:00.0,vSensor1
a8d47adc-a0d7-4328-9754-a0e6c43509e9,cf6eed8a_27ec_44cf_b31f_eb600b6d33ef,2092,2017-11-22 23:00:00.0,vSensor1
aa45a20c-919e-486b-8ee4-db1e40592cf9,5100ddff_5918_4538_a784_621fff615f2f,4202,2017-11-22 23:00:00.0,vSensor1
aa5b0a19-7da3-4e63-823f-4b78bb3299e8,d9eedfb4_1bb7_4eaa_91d1_481d7ba1b8ca,5219,2017-11-22 23:00:00.0,vSensor1
b0f91997-90c5-4c36-9e28-8ac985fa55de,80b6602b_2415_4e02_b3d6_96892f46ad59,3214,2017-11-22 23:00:00.0,vSensor1
b13f2db9-f655-4c0c-801e-6625499671ef,396ae15b_3458_4d33_93ac_c7b39b1ad65f,2100_7,2017-11-22 23:00:00.0,vSensor1
b15b9f8b-37e7-4014-b471-97e59d1e162f,d9da14a0_96f4_4448_8de7_8d189d9ee528,4052,2017-11-22 23:00:00.0,vSensor1
b17e5f5e-81e1-435a-9018-e1465cb166bc,3199fb6b_7f7b_4872_9272_8eca4185dadb,6049,2017-11-22 23:00:00.0,vSensor1
b2263ebb-0c72-4e6f-a791-c76c07940309,4690cd80_c47d_47ce_a00a_04a4ed3c6de5,3100_9,2017-11-22 23:00:00.0,vSensor1
b5bdb0f1-9d1b-4e2c-bd57-04ccc948c35d,5277682c_fad2_4c52_aaf9_3b7ead56fe7a,3011,2017-11-22 23:00:00.0,vSensor1
b7340e8d-9e3b-4789-ae26-d40a56cf73ad,4e466389_19eb_4c96_a117_9ac5dfa025f4,4234,2017-11-22 23:00:00.0,vSensor1
b77f77d3-647a-4159-9505-06487c0058a9,51d3d467_a466_4960_8274_75da45f28310,3222,2017-11-22 23:00:00.0,vSensor1
bafd2b8d-3650-43e3-88cb-7de2a53957fd,ceec3800_9b5d_4f07_9358_b21b0e965f7e,5214,2017-11-22 23:00:00.0,vSensor1
bbb124b8-4bd6-481c-9db7-24639ed4e47a,232abb88_7109_4f6f_937e_309fee9a6bfe,3066,2017-11-22 23:00:00.0,vSensor1
bc227232-f711-4318-b0c0-379c1d60dd78,93bedcda_91c7_4ecf_abe9_153ac4e72123,3061,2017-11-22 23:00:00.0,vSensor1
bdf283d4-5eac-4142-8fee-fb9e1e3ffea6,6eac6c87_bc05_4835_bc27_8d90519fc7b8,5100_1,2017-11-22 23:00:00.0,vSensor1
be0a2775-7776-4c4b-96fe-4498aa3bfb1c,740d3869_35a7_4ba1_9cc6_4c5eac0f742f,1423,2017-11-22 23:00:00.0,vSensor1
c0cadf94-aaa9-4349-8875-558f98d37e80,fdf54d00_2a2f_4171_a8bc_89c4d1be1157,1428,2017-11-22 23:00:00.0,vSensor1
c674fd4e-64cf-4232-b7a7-0e32cfbf9739,9a45a176_fe1b_40d0_b017_fe300cb11d54,3026,2017-11-22 23:00:00.0,vSensor1
c7d6cacf-b433-498c-a26d-cc95cc98c31d,1f3d5bd2_b4c6_41da_92e6_220ef4020da5,5019,2017-11-22 23:00:00.0,vSensor1
cb87217a-925d-4144-a76d-759682d0907c,a8d83e19_c719_4498_b039_72576ad47b27,2100_3,2017-11-22 23:00:00.0,vSensor1
cb9aebb8-d990-46c6-b559-188385ffcad3,44afeec3_7f27_4c52_9eea_b7cf4bebf90b,6136,2017-11-22 23:00:00.0,vSensor1
cd3f9571-0c24-4959-8450-34229dc00669,382da28a_e16b_42ec_932b_cbc22ce682c6,6011,2017-11-22 23:00:00.0,vSensor1
cd6d10c8-ae0d-4bc7-afe1-1a8113290750,6ca3a07d_1690_4fc5_9e42_1a45b4aa4350,1412,2017-11-22 23:00:00.0,vSensor1
cdfef7c2-27ee-4744-b21a-e0a2de2747fa,55b78530_ebeb_4984_9698_94ceb519d1a5,3065,2017-11-22 23:00:00.0,vSensor1
ce874e6c-4a6d-4e40-83d0-861100ea29b1,3fb9f282_1718_47ec_8b0a_dde60e23cc73,1413,2017-11-22 23:00:00.0,vSensor1
ceda7ec4-6c9b-4221-ab02-342199b01a8e,79dbf10f_1e43_4c27_9323_37555643c3fb,2056,2017-11-22 23:00:00.0,vSensor1
d0202621-2322-4ee1-9f52-b92acbc5c2cd,e4e47456_7316_47c9_86a6_0ebcff5ea929,4221,2017-11-22 23:00:00.0,vSensor1
d14e00c8-2121-4455-b54b-4150f89046ef,8f73032b_3ca7_4f5d_9002_3b27e6971b0f,6052,2017-11-22 23:00:00.0,vSensor1
d1ec6dcd-0ed2-4648-9375-e59b0e11aeee,0e49d98a_9648_4a0b_8528_4813f3b88a83,6048,2017-11-22 23:00:00.0,vSensor1
d22bde06-008f-4753-85af-c4dc9f2607e9,1ab3b269_eb46_499f_b512_1a37eeeb2c53,4058,2017-11-22 23:00:00.0,vSensor1
d4e94db6-e0bc-495d-990b-8a8d97430ec7,078820a2_2aa8_4f20_abb7_73221084bdce,5069,2017-11-22 23:00:00.0,vSensor1
d60c0074-4098-485a-8909-dbe0ab458ee4,76f2105a_e256_4894_a1c9_170793211f3d,2232,2017-11-22 23:00:00.0,vSensor1
d77fa75d-bdf4-45b2-adc1-10ee47b75dd3,92592995_40f5_47b7_ad4f_23c50b0c25c4,4243,2017-11-22 23:00:00.0,vSensor1
d82f69e4-a63d-440e-9bcd-79b320d2586b,3a68c833_87d0_41f7_b16c_5c2f6148abb9,3002,2017-11-22 23:00:00.0,vSensor1
d907e232-8a27-42a7-ad2c-e7d7b097796e,56ac8fc1_7f22_4aac_b70b_bbf87d99ceb8,2089,2017-11-22 23:00:00.0,vSensor1
db4edb04-1b4a-4946-9a98-20b8ba662ba0,2017e88b_2f3e_447c_8cf9_e715c7a32037,3082,2017-11-22 23:00:00.0,vSensor1
db547238-d945-457a-a7b1-9c3803f01731,886a13fb_91af_4189_ac9d_21d0290fdae6,3224,2017-11-22 23:00:00.0,vSensor1
de943381-2e85-47f3-8411-0552a10e8528,dffc5823_d7e0_499e_98ac_468ab513d331,6032,2017-11-22 23:00:00.0,vSensor1
df993e75-1f95-4c66-84ba-ff93d3bf1896,a8795780_acaa_4884_ba07_eb1fd9d43ab5,2076,2017-11-22 23:00:00.0,vSensor1
e247c643-3ca2-4e95-b666-eb051b603290,b34016b2_f1da_4b3f_a431_092ae981dc70,6049,2017-11-22 23:00:00.0,vSensor1
e389d70f-06e2-4d4b-a169-41be5c8e2dd2,9236ca65_1d25_4724_9df8_661beb255856,5206,2017-11-22 23:00:00.0,vSensor1
e3b012c5-27fb-45f5-85dc-f5eacf9c7d9a,9e022ca5_bb2c_4cd9_ae30_e4fc6af4276d,6066,2017-11-22 23:00:00.0,vSensor1
e3b2e2de-99f3-464a-a69b-6836fd708300,8da0bf63_50e4_4cef_a6b4_25d82a258b26,5100_3,2017-11-22 23:00:00.0,vSensor1
e4d3929e-356b-4211-a595-1f928492ae31,2d15b04f_24e4_4206_afde_41e64b250094,5231,2017-11-22 23:00:00.0,vSensor1
e6cb2e31-7889-4476-b346-fd35a05585fb,b0de31dc_1bb4_4026_a917_9b62b84461ab,6074,2017-11-22 23:00:00.0,vSensor1
e6d1ccfd-5270-4b4f-a58d-32f042b0dac2,c46ea246_2bf8_4a87_948c_10d5b26c101b,4044,2017-11-22 23:00:00.0,vSensor1
e75a1d12-d621-43ae-b0ef-a2b717b7b6ff,a90deee3_06b7_4a2b_a055_6977f46ff536,4074,2017-11-22 23:00:00.0,vSensor1
e8072bd6-0e55-4711-9f88-b5031b25cdcf,07f56cb8_eb42_4d72_befb_3603fa037cf1,5069,2017-11-22 23:00:00.0,vSensor1
e8f61a63-548f-484b-a5dd-39f9ae409714,fd753139_b1a1_466f_80b2_0e661ee0ad95,3214,2017-11-22 23:00:00.0,vSensor1
e9a04dc9-b383-4528-8dae-2b06888698c9,f054853a_4ded_42ec_a18c_561e32671b66,2065,2017-11-22 23:00:00.0,vSensor1
ea796f18-6391-4c6b-8b7b-f78e78455b4a,4f41735f_1b25_4600_8044_ffddc209e76d,4241,2017-11-22 23:00:00.0,vSensor1
ea9a37bf-83e1-4dad-a574-deac2c61cd97,c03af67f_45c1_427e_9f99_bf3e180c7eec,5056,2017-11-22 23:00:00.0,vSensor1
eaa88351-f37e-4f64-b5d2-c279b5fb5a80,28dfe299_038e_4ea8_ac7d_316127b44934,1300,2017-11-22 23:00:00.0,vSensor1
ead10685-4f17-4aaf-9552-448e862a07d6,99f9d0c0_c000_43d6_b2e2_3d6a5692233a,5241,2017-11-22 23:00:00.0,vSensor1
eb5f17d5-ade1-4bd7-8fe3-100a87f9e4af,03a4fcf3_586b_4dba_b951_9c4f061a6223,6210,2017-11-22 23:00:00.0,vSensor1
ebd692de-029e-4e2f-bef2-554b63d01d04,0f2fb25f_b2c9_472f_9846_984b6d6767cf,4048,2017-11-22 23:00:00.0,vSensor1
ebd9f76c-7ec8-4d5e-949e-89ffaa9cfeba,7d995557_6710_4544_8ac0_2069c8373333,4082,2017-11-22 23:00:00.0,vSensor1
f087c9f9-1e6c-45ca-9b24-b4f3ab8e5687,ab640d7e_583b_42e4_9af4_b5670a65c1a4,3222,2017-11-22 23:00:00.0,vSensor1
f0e46733-6fff-4b8b-abf5-d22f24ffe01f,6e0cb112_4b8c_40ff_aa26_a9d6353d5273,4054,2017-11-22 23:00:00.0,vSensor1
f3f72ae4-40d9-4ce5-a78d-965bfbd9383f,00256283_9929_4ae6_affd_750c19b23e24,3092,2017-11-22 23:00:00.0,vSensor1
f419bf3b-bed6-4470-95e0-cf63df159c40,8d296ad9_0b20_42f5_8706_fa13b7406a8b,2058,2017-11-22 23:00:00.0,vSensor1
f6843ce6-d773-49a8-bf4d-c66fe8f6b8d3,ca35cfb7_0b15_43e6_b6eb_70d54168242a,5214,2017-11-22 23:00:00.0,vSensor1
f69f6ab8-df90-445a-b04c-10f6de63097d,2811e84c_b262_4f45_a0b3_b65891a215f5,6044,2017-11-22 23:00:00.0,vSensor1
f939b7e6-7da3-4d4a-af10-c08ceeb7c93f,ceda69f9_f7ff_463d_a5e0_8076bb6b0f7b,5100_2,2017-11-22 23:00:00.0,vSensor1
fa2647b9-8b4c-4486-a2c0-0fefeef9d0a3,caa88312_16d4_4715_991e_733a4f6597d6,6068,2017-11-22 23:00:00.0,vSensor1
fc34b84e-7d33-4a0c-b749-bc73579689cf,da11a93f_68f6_4cab_8651_b52dd3a5af4c,3038,2017-11-22 23:00:00.0,vSensor1
fdf44810-2bf5-4682-b867-33a6b0979d9e,f0af80ad_5fdd_4fe9_bd91_a93d2518705c,3008,2017-11-22 23:00:00.0,vSensor1
00c96210-8a5b-4aab-8d59-ce50455da268,fb0a2d49_2b1b_42fe_89da_88de216e1cd4,2100_2,2017-11-22 23:02:00.0,vSensor1
0368791f-b172-4ccc-bcc3-366048c2755c,51fae5b9_a6c4_4b2b_9559_e756e08e4f86,3058,2017-11-22 23:02:00.0,vSensor1
0848a45d-fe1b-4a65-9590-176e617591ef,4af60976_a84a_488a_a2f0_58c98f2f3347,5066,2017-11-22 23:02:00.0,vSensor1
08a089e8-4aba-498b-87c1-51150796eaa7,2f3dd38d_f7ef_4f57_8441_1408e6986fa1,2068,2017-11-22 23:02:00.0,vSensor1
09bff3fc-337e-4896-814f-5fa4fcda2925,33f2d144_298f_4401_ba32_1b302ea4d33a,4224,2017-11-22 23:02:00.0,vSensor1
0b521280-6afb-4160-8f5c-e893afd4c0a5,ea788edd_cdc4_412e_ab8a_eae4c6c11ad4,5074,2017-11-22 23:02:00.0,vSensor1
0cf79c49-82cf-4b84-bc51-a934c562a700,5eb21211_1e9b_4e17_ba7b_e263b84a4225,3052,2017-11-22 23:02:00.0,vSensor1
0d8996a3-7c08-4eee-964f-924df550c73e,8184abed_373d_482b_b5f1_bed4410ecaa2,3029,2017-11-22 23:02:00.0,vSensor1
0e102f1d-72a1-44c7-aff4-62446f73b545,00c26e85_75d1_4f57_98e5_1edbce1ae8c3,6029,2017-11-22 23:02:00.0,vSensor1
0fb58f6b-4e5d-4e45-87ee-ff6365a5efab,6bb04d5d_f115_44f1_b747_69b283b3d2cc,2068,2017-11-22 23:02:00.0,vSensor1
10a4b5a4-2322-49e1-a523-1d6ed311bf32,268e75ca_0744_4559_bd00_f3aea7ad1b16,4028,2017-11-22 23:02:00.0,vSensor1
123b5e29-6e93-44e3-b463-b53fd381c89e,f316cf77_8a31_422c_8090_786cb4b8b1b5,3222,2017-11-22 23:02:00.0,vSensor1
13acf997-593c-48c3-b84b-f834b5362742,d18cc178_6a50_4d8c_81b2_2d17840da10f,6036,2017-11-22 23:02:00.0,vSensor1
1415de5b-521a-4c3a-9e4c-0fd7dae3da73,a1776197_555f_4036_836c_1ad48d6b3795,2054,2017-11-22 23:02:00.0,vSensor1
14d0c8c6-109e-4d23-a340-24c121656e06,fcc0ad12_1d9f_4381_9954_f0caa3c1802e,4065,2017-11-22 23:02:00.0,vSensor1
152a4ed8-fc18-434b-80ab-2dbbed8653c1,a6cbcb4a_c7f1_4acc_ba31_4d3f597c99a2,4002,2017-11-22 23:02:00.0,vSensor1
16410adb-ae40-45a8-8549-eb503fe87757,4cdc7559_55a5_4790_8502_2d5272941baf,5032,2017-11-22 23:02:00.0,vSensor1
17e930f6-18c4-4a9b-a233-44f910e80074,ac75c57c_8e01_4728_a216_135933d86f90,3032,2017-11-22 23:02:00.0,vSensor1
19cc14c6-75e6-42c3-96f3-2aca210de62b,38a9c5ec_8714_4d25_96fd_4d194d9ed7b8,4008,2017-11-22 23:02:00.0,vSensor1
1a5fb8f1-0730-42dd-96ca-d856725efd21,e9ec041f_f7d3_4196_9af9_18039dc355ba,4084,2017-11-22 23:02:00.0,vSensor1
1a70b731-fa03-4df4-9e0f-7c6b43b2f3a8,2a7b420b_3e4e_4a95_8049_2071021167dd,5058,2017-11-22 23:02:00.0,vSensor1
1a8882c8-9b64-4c8c-854b-920572384427,f9909f75_93c2_4371_8d4b_4eefaf9f60ad,3059,2017-11-22 23:02:00.0,vSensor1
1bcee7ca-b5dc-4b35-aed4-4ff404e7d947,8838749d_e96c_4aa4_99d3_b68d8c9f56ab,2089,2017-11-22 23:02:00.0,vSensor1
1c189fda-0dc2-4fb7-b2a2-260378e0cadc,user11,4212,2017-11-22 23:02:00.0,vSensor1
1cd01b57-4d2f-4270-92d2-8ab16dfd6cc4,63878ce7_3d25_4cbd_be5c_28a324e0390c,5204,2017-11-22 23:02:00.0,vSensor1
1d7ff54e-3e3e-4a74-8354-b1daee8647f6,b21008af_6e01_4cbb_8d7b_b9b78d302bc2,4216,2017-11-22 23:02:00.0,vSensor1
2095ca00-13cb-4333-822f-5c41e806f7ef,bede97bf_94e0_4928_b636_69c87b9d4f5c,1420,2017-11-22 23:02:00.0,vSensor1
20bc2a91-b43a-4e17-babd-043c79804f7c,ad51b0d8_0a40_49f5_bf92_3d5551e81124,6046,2017-11-22 23:02:00.0,vSensor1
20f127d6-1cb4-4c3e-ad0a-4aabeeab140d,4c45fb2b_3b79_4d06_99eb_eb3313bfe827,5074,2017-11-22 23:02:00.0,vSensor1
20f92891-a673-4d50-a726-8ddb4f0532df,3813055c_5b4a_43dd_8541_20b3bece8882,3058,2017-11-22 23:02:00.0,vSensor1
21798d10-b6f0-408c-a096-da1fcd90becc,eff40af4_f3b3_4977_afe2_2758593dd805,5086,2017-11-22 23:02:00.0,vSensor1
242f9420-3706-43a4-968f-9641f64140ae,5ca590ea_dc4c_4926_a64c_b311a4f7d319,4100_2,2017-11-22 23:02:00.0,vSensor1
24a19995-d070-4e51-bd6e-422520a6c7c9,aaaac9d6_81a6_4bf7_b521_a1e68a8886b1,2048,2017-11-22 23:02:00.0,vSensor1
25c45514-c600-4875-a5aa-b49047a9f117,e8ff7d4c_8df1_4505_9304_4a155c957874,5052,2017-11-22 23:02:00.0,vSensor1
2693c38d-5e05-4fd8-b8a5-40eeaee83592,7de29203_5a5e_4b25_8e8a_4ed161ac2f13,1428,2017-11-22 23:02:00.0,vSensor1
29f1098c-f301-4412-9b2b-5fc29efc75ee,b23afeea_55c5_49cb_b553_2a343e180648,5059,2017-11-22 23:02:00.0,vSensor1
2acddc23-5f76-4f6c-a4b0-7902ba5cf679,2cbd64ae_8660_4077_aa7e_8e8082011806,2048,2017-11-22 23:02:00.0,vSensor1
2c4b1f53-c38d-41c9-b734-db7746759f6c,8ae96b48_9509_490b_b49a_5f45a46ae5c9,5100_8,2017-11-22 23:02:00.0,vSensor1
32e7ce39-92c2-43b1-9984-3592957cca4f,d20f7c13_e474_4f5e_83bb_2559eeb6cd7e,5013,2017-11-22 23:02:00.0,vSensor1
33005326-abc1-4bcd-bbe7-bbe3d9759b47,32dbb6c5_1e7a_45e9_b005_2e2e75f35596,3100_7,2017-11-22 23:02:00.0,vSensor1
359bd9d6-7eeb-41cf-9931-80c2e5312fdd,ea1f1ea8_fad3_4075_82c1_5c336b8bedce,2216,2017-11-22 23:02:00.0,vSensor1
38d9a0e2-20b4-49ad-8f19-f749edc9c3ee,242ba48f_fd6e_41bf_8e29_d3441c090ddb,2211,2017-11-22 23:02:00.0,vSensor1
39bc9764-5275-4b8a-9a13-2edce808ee35,29cc3526_a039_4cdb_8345_3447905bc2d5,5011,2017-11-22 23:02:00.0,vSensor1
3b3bfeeb-539c-4554-bdec-2efe56031d90,4ad8cd5c_190d_45a8_ad55_e3e8e2d541f2,2092,2017-11-22 23:02:00.0,vSensor1
3b7f10c9-8903-420b-8bd6-5d694ddb91ca,1f2699dc_2b59_4bf9_8306_0690c4d9e3bc,3224,2017-11-22 23:02:00.0,vSensor1
3c2ae268-a5a5-44ed-b34e-e54c86302f9a,dd7680b0_15fb_4e07_85e1_acbd36cfb175,6051,2017-11-22 23:02:00.0,vSensor1
3cd4fa88-a7c2-4387-a43b-c109fbda3896,e1aee30b_ef40_438a_9786_96fea8bea19e,5092,2017-11-22 23:02:00.0,vSensor1
3df62fc5-d8f1-4834-a9f8-4b5de34de8db,726fe54c_1015_431a_b5b8_19832fb13623,5032,2017-11-22 23:02:00.0,vSensor1
3f99d131-7122-4c40-8723-ec06a6bd2af9,386da0c1_5ec9_468e_831a_03636236729a,4019,2017-11-22 23:02:00.0,vSensor1
3fab387e-58fb-44a2-a758-2ddbf5063af2,3e523bcf_a824_4102_8eab_f9b9ab6db9c6,2206,2017-11-22 23:02:00.0,vSensor1
3fc3ffc5-0edb-4f98-96d6-5f99f7f9fdad,4c91c057_3938_47ff_9633_971d74cf7e15,6051,2017-11-22 23:02:00.0,vSensor1
4022bf5d-198a-4ed6-8b66-c1b9b6822f7e,025f4236_31df_4cf4_814d_0c572fe647eb,3013,2017-11-22 23:02:00.0,vSensor1
42714390-46e9-4f8a-8653-5ae2534c0b2b,344f05b6_6143_4fc4_8407_362dc48e3583,4221,2017-11-22 23:02:00.0,vSensor1
427a951a-0b54-44b5-843b-0905b8c08204,2dae6c3e_024f_4422_8b0e_d3c89854455e,6072,2017-11-22 23:02:00.0,vSensor1
42c747ad-3d76-462c-8a2d-520e51e90fed,914a421d_0f0d_4859_86ad_7b1b3ed5d1ba,4224,2017-11-22 23:02:00.0,vSensor1
434435c5-d03e-428d-abfc-2500ff6f44b4,53c10192_a510_48a6_9d7a_08013ce5c712,3061,2017-11-22 23:02:00.0,vSensor1
45fd2b23-ac09-4384-bf5f-33551b4c47a7,ab9f3299_1ad5_4e54_9ba5_177a13b7acfa,3234,2017-11-22 23:02:00.0,vSensor1
470b0106-651a-434a-b99c-d9b4251d4907,87ccbeac_a4a9_436c_b75f_87f7379a435b,6049,2017-11-22 23:02:00.0,vSensor1
49319580-2ba5-45cb-89cd-7494c5aa553f,19eadea2_246c_4bc7_a68b_23ed503c5c7c,5066,2017-11-22 23:02:00.0,vSensor1
499698b9-3a39-481f-ae9d-cd9971f634d7,d47d6c63_cbe4_4def_9426_af2228c08c66,4028,2017-11-22 23:02:00.0,vSensor1
4a02e260-0d0a-40ba-9e20-8ed2b0c003f8,6efeeb98_ae64_4860_85c0_8d1206c4d4fd,6212,2017-11-22 23:02:00.0,vSensor1
4b4e61f0-28f5-48ff-8a57-61b7bf1c1abf,f8bdace9_c181_4007_ad80_d9fe4c087eb4,5081,2017-11-22 23:02:00.0,vSensor1
4f2811ed-de1f-4cdb-bb85-899d7f44c6d9,0b416c19_51f9_4edc_b3be_6f87258fadaa,5002,2017-11-22 23:02:00.0,vSensor1
508c0bf0-a083-478f-b5ed-43f44f87e26b,3390dbed_712d_46bd_800d_92bf3e56049f,6024,2017-11-22 23:02:00.0,vSensor1
50b9ac31-81fa-4082-b90c-3ea820fd45e3,66547071_f67f_403e_bd00_e9f5c0158ddb,3029,2017-11-22 23:02:00.0,vSensor1
51f82616-7bfc-4964-8d6a-473250ed45c0,e40d7496_80c2_484d_9517_59cd912d84ab,4064,2017-11-22 23:02:00.0,vSensor1
525110a3-25f0-4c77-b864-9eea489ee84d,ea52bf61_5670_4bd4_ac83_29a9f1d689f6,4100_2,2017-11-22 23:02:00.0,vSensor1
53a7bfa9-44b7-4689-8c8f-4cb67195f44d,8bb0b6d7_8543_4004_b806_2a40befb9a02,3100_8,2017-11-22 23:02:00.0,vSensor1
54657dae-c36a-480b-8813-4eb4c90cfbcb,47f5087f_2295_4d82_9561_15babbd2670d,3243,2017-11-22 23:02:00.0,vSensor1
57565d44-91c4-4361-9055-045b210b89ea,a67755ec_971a_40f4_b431_39d6a5ba87b0,4086,2017-11-22 23:02:00.0,vSensor1
57d10822-fb7c-4ad6-8a21-6222c224ab00,4e622336_ac5b_45e7_a8b4_946d0c19dce5,5100_2,2017-11-22 23:02:00.0,vSensor1
59102f50-696b-4087-82aa-aaded96fc63b,8da0bf63_50e4_4cef_a6b4_25d82a258b26,3054,2017-11-22 23:02:00.0,vSensor1
597df229-c9cd-4dbe-a036-043ce9dba3bf,8d479c9e_4bf7_4b41_9856_72831b2240dd,2054,2017-11-22 23:02:00.0,vSensor1
5b5a72c1-08cc-4648-89f5-0cdba916fbe7,d54eed8e_0e77_4662_9d3e_6931c0e96450,1600,2017-11-22 23:02:00.0,vSensor1
5d5b2b85-cd01-4590-b8d9-8e21e854e510,107ffd3f_2430_4f30_be95_83af380ecfd8,1403,2017-11-22 23:02:00.0,vSensor1
5e8213ed-41a5-438d-9c0a-0e2373473268,bb44dce0_893d_4b6a_93ca_df08bfbebfb3,5011,2017-11-22 23:02:00.0,vSensor1
5edb8186-dc1a-4983-8ecd-ddcee97626a6,7c9890ea_f2eb_4ff5_86ad_56e929bc8a2d,4029,2017-11-22 23:02:00.0,vSensor1
604058d8-024b-4a76-92ef-e90078f703d3,9d3515ad_b030_4942_a784_01581b1b2796,3038,2017-11-22 23:02:00.0,vSensor1
60560b45-2999-44f6-9526-1884f1d3a742,8effbd8e_bd1a_4306_baf9_d996fc87ad9a,6092,2017-11-22 23:02:00.0,vSensor1
6108a23b-d015-479e-9a24-63b22b8d2b76,b40468c4_a220_409d_8c42_b759653a72db,5032,2017-11-22 23:02:00.0,vSensor1
617c4eb4-0b49-49ec-9c01-83e4a928582e,365b761f_b10f_4493_868a_de2f91553548,2082,2017-11-22 23:02:00.0,vSensor1
644292da-db53-49a4-804a-29fc9c0fb574,378de536_b114_4105_94fb_9760b4d15fd1,3052,2017-11-22 23:02:00.0,vSensor1
658e611b-1a78-482e-b9d9-4bd659cc46ba,da0f3364_2c01_4569_ad1e_f03bfe67015b,4216,2017-11-22 23:02:00.0,vSensor1
66a20dcf-549f-4d74-ae22-38be12b41cba,a12ca973_389d_41a5_af63_1bccf5070bc0,2204,2017-11-22 23:02:00.0,vSensor1
692c0aa9-f55a-42a2-91bd-8f11b933a141,b060b7d6_8d10_41ac_90c4_c2c83b6e6487,2231,2017-11-22 23:02:00.0,vSensor1
6dcf82d3-8924-4995-a690-2650ff17715e,36fdea76_e5e4_40a2_8188_0be4cd72fb4c,4228,2017-11-22 23:02:00.0,vSensor1
7096af78-89a7-4a0a-8f11-74cb692b5e47,ca86d636_aed8_4ac8_9f6b_5bcd52e5c880,2048,2017-11-22 23:02:00.0,vSensor1
71cd8937-ec14-4884-b387-bc2f0e4e9965,6c335dc2_f95e_4aef_b338_c653d75d948b,2042,2017-11-22 23:02:00.0,vSensor1
73dd498b-9f58-4155-ba21-32ef876cb76f,87101e24_285f_415f_9bf6_0afc7620b5a3,4084,2017-11-22 23:02:00.0,vSensor1
7791a6ac-6f87-4709-afb2-a8b416157b21,bf9e0b75_8e3d_4468_aa63_0e495ed143b6,2100_6,2017-11-22 23:02:00.0,vSensor1
7a5ea397-f632-42c4-8611-847b42c68d8d,c3fc7dd4_b00f_40af_a5cc_82719cd06002,2243,2017-11-22 23:02:00.0,vSensor1
7afacee9-48b6-425b-b89c-f9335c433dc9,2dc6546a_f674_4c55_8a1b_7ce45cf86839,4100_5,2017-11-22 23:02:00.0,vSensor1
7afedb14-326d-4d34-8d6a-c8aad8bf9617,f1219a33_31e6_41b8_9fbf_356bcbf040c1,4099,2017-11-22 23:02:00.0,vSensor1
7b1e2bb0-8c1e-494d-b01f-8e83fab2c88f,1243bd17_4d85_4c84_8a01_592a630ffed9,5056,2017-11-22 23:02:00.0,vSensor1
7b4ae94d-9234-4beb-a83c-47fbc15a0621,df23ff84_d833_4637_a9b2_11b929ed28ff,2202,2017-11-22 23:02:00.0,vSensor1
7b5563f9-6614-4f03-9d2e-982e16b06b2b,33f184c2_8b6e_4f52_b416_febf4bdce5e1,5062,2017-11-22 23:02:00.0,vSensor1
7c57ad89-c9f5-4d67-a50f-b149cd2a3075,d8f6d7ec_8e02_4cfb_a086_f7dab85cc727,5211,2017-11-22 23:02:00.0,vSensor1
7d0e0b10-1a4e-4fb6-bb95-b154bf4f4a96,0a18090b_d33e_402a_bc4d_74bec1cc5505,2234,2017-11-22 23:02:00.0,vSensor1
7ded6928-3c34-4401-b5d3-ec1e1fe5f2de,05f9b9d6_eff8_4fd9_bab7_012d358690dd,5068,2017-11-22 23:02:00.0,vSensor1
7f390c9d-2f53-4f9a-a746-2ff3b3d9df59,9d649975_303e_44de_83eb_de3270760510,3011,2017-11-22 23:02:00.0,vSensor1
80b33f65-8318-45ae-b893-6eb38d610141,7af5b836_e557_4c24_98b8_668bb273cc1c,6024,2017-11-22 23:02:00.0,vSensor1
82f78193-27e6-4cc3-95d5-2fe436e6d07d,a78b1d98_d73e_4740_8c15_ea6c2fd375e6,3241,2017-11-22 23:02:00.0,vSensor1
842cb75c-e5be-47ae-a43e-6a7a8a3a8495,e311fa91_4f33_4de3_8024_c96fdc5ae737,4011,2017-11-22 23:02:00.0,vSensor1
84ba94f1-3c7e-4017-b60e-f4f660b6b380,804b08bb_8e08_4b8e_99cf_5d601ae28e0c,3082,2017-11-22 23:02:00.0,vSensor1
85205a28-12e8-4785-b352-74c9d8cf1026,67754496_c049_4b06_af7f_f15740f7b00a,6029,2017-11-22 23:02:00.0,vSensor1
85956758-29e4-474c-8d49-60abdc28d9ed,af1417bd_bd49_4a14_8655_2948f79e7d8c,5091,2017-11-22 23:02:00.0,vSensor1
8634f5a5-f954-4aaa-aeb3-cba367a6ad2c,99f9d0c0_c000_43d6_b2e2_3d6a5692233a,6051,2017-11-22 23:02:00.0,vSensor1
87700dfd-3a99-4b93-a6f0-6932b697c38b,625a872b_3336_42c4_8853_615f31feb829,1420,2017-11-22 23:02:00.0,vSensor1
88ca72de-cf16-477b-afc9-4e503863999b,9ed4ca1d_9a79_4979_83d1_9eb24a94e198,2088,2017-11-22 23:02:00.0,vSensor1
89512351-0c0d-4641-a2d2-4c51ddeb0c7e,9cb7e4d3_f310_416b_a95e_8f16139c8121,3204,2017-11-22 23:02:00.0,vSensor1
8a2eac86-f2eb-4e54-8baa-0058304bebdc,ff701b7a_b112_441b_8709_4a3eeb1ff53e,4214,2017-11-22 23:02:00.0,vSensor1
8a5568e7-0319-4602-ac21-4b5506bd9201,ed6cd748_fdbc_41b1_b004_4a97ae2684bc,3056,2017-11-22 23:02:00.0,vSensor1
8a94f867-2616-40e5-a878-cd87c8e2a190,a1733c44_6e6d_4156_9cdb_5722d793dd61,4051,2017-11-22 23:02:00.0,vSensor1
8d2eed74-48f5-417e-9b7c-8f17c9a64cd0,2fcb7081_a62b_42e3_b507_9979e79eed8b,2100_8,2017-11-22 23:02:00.0,vSensor1
905008bb-982a-4ef0-8b09-ad46b563c3ac,c8cd42f4_129a_4e03_b346_1e8f5d93269c,4042,2017-11-22 23:02:00.0,vSensor1
90d644e6-b406-4014-9a3b-ca7239d7e7c7,ccc1fa00_8d6e_4766_8b07_fa4d50826cc8,5100_6,2017-11-22 23:02:00.0,vSensor1
917c7593-1f9f-47c3-bc3f-c889f27153c4,f04f17e8_d541_43d7_987f_a27cd8c2810f,3241,2017-11-22 23:02:00.0,vSensor1
91a00156-68a5-49d6-8294-344af1c843f7,d858d4d5_109f_47c1_8608_e734284de3ee,3100_4,2017-11-22 23:02:00.0,vSensor1
92e937ef-b94e-4db7-af65-0a4209f7d0e5,6eac6c87_bc05_4835_bc27_8d90519fc7b8,3038,2017-11-22 23:02:00.0,vSensor1
93554fc8-8ebb-4c5c-aad1-06004cf5f99d,5b0438d5_35d4_44e2_b31e_011559726d8f,5064,2017-11-22 23:02:00.0,vSensor1
9381a029-f2b3-473e-8517-c1d04aa790b2,fceff7d0_1280_466b_84e3_253dad5d1925,5241,2017-11-22 23:02:00.0,vSensor1
941d1ff4-a935-47e8-b9c4-5b81e5288321,2e1918c1_5178_4a1b_aa4a_c45fcbc92bd3,5038,2017-11-22 23:02:00.0,vSensor1
943aec03-f467-40c2-b93d-84700e9b67dc,ce484370_8bd4_4126_a745_fd71d1f4e761,6072,2017-11-22 23:02:00.0,vSensor1
94fdc7aa-20f5-4646-9507-d0d0c0306956,user5,2202,2017-11-22 23:02:00.0,vSensor1
962aaa0e-4529-4e90-b381-1054a29f6723,10b655af_7cac_400f_8332_0b045b255865,5068,2017-11-22 23:02:00.0,vSensor1
97d8d257-4b82-410e-9f8a-7b10b0c52361,a4c39042_7a40_4255_b850_f1ef83cbbb6b,5076,2017-11-22 23:02:00.0,vSensor1
9824bd22-66d7-4ecb-b061-60111a8f148e,da9ce9b6_b077_4574_b661_507ebfc23607,4204,2017-11-22 23:02:00.0,vSensor1
9873f4eb-edd6-426a-8dec-c7e25e0bde0a,c052790e_8606_4343_855d_5266d3a7afca,6036,2017-11-22 23:02:00.0,vSensor1
99c33c1f-e105-4d82-bacf-ca9235c9320d,34adaa4d_ca89_475d_b6df_abb040d97bed,5100_6,2017-11-22 23:02:00.0,vSensor1
9bc18a32-45d9-455d-a15a-72291ae52579,a0dca081_1a3a_453a_83d0_30a6a9b7136f,2028,2017-11-22 23:02:00.0,vSensor1
9fbf77db-91a9-47a8-a712-e46c218ddae8,9968024a_40aa_4096_bd94_def91c42e05f,2004,2017-11-22 23:02:00.0,vSensor1
a29eb280-6998-4247-8e7f-654ef5682ef6,7c0da06c_1d62_4c66_8473_9f5c85341f89,3056,2017-11-22 23:02:00.0,vSensor1
a4f2563e-bd22-4928-b6f7-ac44673ca48c,022d282f_d5db_4280_80d0_c7194aa20933,3059,2017-11-22 23:02:00.0,vSensor1
a53ebd24-4fbb-4d13-b7f2-0c61a7fb94ac,6b596da8_1c2d_446d_b316_6e4631cc8678,3002,2017-11-22 23:02:00.0,vSensor1
a66252b2-056b-4efa-a0ff-6a9487e66df9,886a13fb_91af_4189_ac9d_21d0290fdae6,3100_10,2017-11-22 23:02:00.0,vSensor1
a6697a68-7bf7-4aa1-8419-2da21acab133,63a7812b_5fe8_4bbb_ba26_46bcc1ceec0e,2058,2017-11-22 23:02:00.0,vSensor1
a89de34d-f0cc-4f9e-90fd-6dd5d6fe6847,93a89f22_a861_4f4f_acf9_0ca73fc70f28,1433,2017-11-22 23:02:00.0,vSensor1
aa9ddfc5-d00d-4c0c-9b32-290915e2265b,14c0d88f_42b1_4f7d_be63_e0d5f1cdcf63,4204,2017-11-22 23:02:00.0,vSensor1
ade0037f-3cbd-4021-8cbc-875825f9f21a,3d78a891_e6b0_49ba_9701_e7ea62e06caf,3202,2017-11-22 23:02:00.0,vSensor1
af595199-6e4e-4c08-8897-453a30b4a438,8960c130_620e_438b_af1b_40e6d090aa05,6029,2017-11-22 23:02:00.0,vSensor1
b18b8e87-2d49-4858-ae8d-4853f95ea2ae,b43c661d_375f_4b9d_8adc_9ca1bca0dbae,5100_2,2017-11-22 23:02:00.0,vSensor1
b3f91d36-bf28-402c-9733-2c3a3497fc85,03a4fcf3_586b_4dba_b951_9c4f061a6223,2100_6,2017-11-22 23:02:00.0,vSensor1
b55e97e5-a908-4e4e-b4de-0aad2388bfb3,fe1a1446_5bc3_4cea_a586_062265a37cd0,4082,2017-11-22 23:02:00.0,vSensor1
b5e03b64-d10f-4efc-a75e-b1b6e93ec7d6,3f1368ef_c962_4f8f_8448_d592a78cf396,5019,2017-11-22 23:02:00.0,vSensor1
b6c503e1-662b-4d34-a2ec-c85f30541497,e86a1e27_90cc_44c5_880e_d56d779318c0,2100_4,2017-11-22 23:02:00.0,vSensor1
b74b9bb1-691f-4d5f-a228-6ffcf1b9f160,ca35cfb7_0b15_43e6_b6eb_70d54168242a,5099,2017-11-22 23:02:00.0,vSensor1
b9310be0-b411-4841-b661-b6b2fc288179,9b995a60_1108_4775_82ac_14ea524590e3,2058,2017-11-22 23:02:00.0,vSensor1
c24f412e-7f08-49ad-a24a-3777489a8dde,12d4fd93_bd8a_48f5_8476_8e411fb610dc,3243,2017-11-22 23:02:00.0,vSensor1
c340b62e-c374-4214-b932-14c664c89355,810f1dec_6948_4b2d_802a_a0b3f1077a7c,1428,2017-11-22 23:02:00.0,vSensor1
c3ccbde0-7c4c-4e73-844b-d2f3dcc58143,66438ca0_c827_4eee_a0dc_bac6211d8967,2029,2017-11-22 23:02:00.0,vSensor1
c4aa2be5-066f-4063-bf4a-4d94fc140ab9,aca443d9_53e3_446e_a8b4_441e2bbaf143,3232,2017-11-22 23:02:00.0,vSensor1
c664da4e-2511-4ff7-aa48-797a8605c639,310b4116_fba6_4b19_ac83_6297036e5086,6136,2017-11-22 23:02:00.0,vSensor1
c8ae1a05-48c9-460b-8857-cefb7a0fa4cf,30128790_a246_4186_b34d_09fff6a93827,4068,2017-11-22 23:02:00.0,vSensor1
c986dda9-13f2-4af1-928b-126fbd6b1784,b451aa14_0960_4401_8fe6_214854f5c009,6026,2017-11-22 23:02:00.0,vSensor1
c9cfc6e4-a801-4f36-81d5-dff20046c359,bbb0df33_19c5_4479_9330_fcbf86fc699c,6072,2017-11-22 23:02:00.0,vSensor1
ca34f81b-7991-401d-9f81-e8470be7fd86,82992537_34fb_4b96_81f8_b734ab3ba50d,3082,2017-11-22 23:02:00.0,vSensor1
ca83f228-2ca8-4356-89bf-9f61d86399f4,acb64085_586d_47bc_9558_b82c50abf360,3226,2017-11-22 23:02:00.0,vSensor1
cc2b3f61-6e4c-497b-ab98-8a828f51899b,d1de8c30_1460_4a92_a4a9_40103d4e37e8,3084,2017-11-22 23:02:00.0,vSensor1
cc9c8f9e-36ef-4a31-ae98-7a2e15dc1b61,b60f1dfb_c61f_48a7_9457_e13dd3991ff7,5231,2017-11-22 23:02:00.0,vSensor1
ce234917-d32f-471c-abad-3a4a5d90e1f2,98b9d445_4569_410f_b9a4_558b97aac7e3,3100_1,2017-11-22 23:02:00.0,vSensor1
cecfaa87-fc0e-435e-9edd-ea1865822eb6,c09a56d7_0791_4ae6_ace3_d39a875b438e,2084,2017-11-22 23:02:00.0,vSensor1
d05b5d3a-5bf7-4e4d-bf04-60e32290b71a,21ded7a6_a898_4aea_a3d1_23ca4c945491,3221,2017-11-22 23:02:00.0,vSensor1
d17d7a51-5c42-4860-9fd5-d6306438a9c4,a2e66cc8_a194_452a_8a6c_461cf9532b74,4092,2017-11-22 23:02:00.0,vSensor1
d4036ee9-793c-4e83-b799-089f7176b877,32990cc1_7f57_407c_9b0f_3229f2ad6302,3228,2017-11-22 23:02:00.0,vSensor1
d7486cdc-7404-490d-bee8-e0f960fc2779,64485aef_2352_4f69_a228_bbd84615e575,3082,2017-11-22 23:02:00.0,vSensor1
d86e965e-53c5-4f62-88e5-650e5ffd8ee8,79fec3c2_c105_44b6_abeb_8d4cd5cb8301,4086,2017-11-22 23:02:00.0,vSensor1
d96e01b2-12c9-450b-9315-c1add4419c8c,5c16f9eb_3879_4321_bed2_1399552308d6,3234,2017-11-22 23:02:00.0,vSensor1
d9778ebe-05ec-4499-ae30-9939a0666676,7f42e607_e402_4763_b2b6_6211129aefcb,2100_10,2017-11-22 23:02:00.0,vSensor1
da875f95-0cb8-4d33-9e96-fe59df0af0ca,af88ccaf_5011_426d_bbb5_ff50a6f43079,2100_6,2017-11-22 23:02:00.0,vSensor1
db1cd1af-3505-4ae2-a506-73e340084ec3,041b7e7b_d195_4141_9053_0a78e318e02a,3028,2017-11-22 23:02:00.0,vSensor1
deb2e7b1-e4bb-4a28-9efc-30c1157cda37,81ff69d6_649b_4bdb_badc_a04b391d3756,4032,2017-11-22 23:02:00.0,vSensor1
e1941762-4ade-4af3-9a4b-9d8ecf3a7c1c,8eb19a5e_6a08_4237_9d8e_0614596dd726,6052,2017-11-22 23:02:00.0,vSensor1
e20e1a38-2af9-451d-9564-5173b23cf9c9,77bb7cbb_bfd3_4ba3_b77c_6c09a8cff0f6,2214,2017-11-22 23:02:00.0,vSensor1
e222327b-a2c4-41e9-adb8-a7061705dbae,21d0cd02_3251_47a5_b73a_ebc0fdf7b1b3,2011,2017-11-22 23:02:00.0,vSensor1
e4570fff-bc6c-406e-96f1-60f178cee133,e629771f_f137_4e70_91e2_94ec0a4aa422,4008,2017-11-22 23:02:00.0,vSensor1
e47b00a9-7670-4ae5-948c-8ae9656aec15,1aa1ff02_4360_41ef_86e6_1089472a137d,4212,2017-11-22 23:02:00.0,vSensor1
e4b5852d-5ada-49b3-b842-ca20df963b48,e21e1822_a35a_4ebf_81c9_fbeba2de9998,4221,2017-11-22 23:02:00.0,vSensor1
e5fffe6d-8750-4714-af24-4d3932e69236,d8150d50_78a7_499c_9efc_6f3238375fe8,5100_1,2017-11-22 23:02:00.0,vSensor1
e682ffd1-a73c-4b23-9d35-82e4356ad75d,1a6e93fa_ab38_4077_92b3_9a056f8cf901,4092,2017-11-22 23:02:00.0,vSensor1
e7168122-f99b-4f3a-a7fe-639a44b4ec5f,315aa8ec_2418_410b_b842_ef1d3ef75dcf,2062,2017-11-22 23:02:00.0,vSensor1
e7457477-f350-4d4e-b96f-633bafc6cd7e,e40d7ccf_7004_4283_840b_02b306e49f3c,2100_9,2017-11-22 23:02:00.0,vSensor1
e7c1b949-af76-418e-8c52-70fdb1224c9a,65a5a855_c8d4_4ba3_8375_5ab373df101f,4100_4,2017-11-22 23:02:00.0,vSensor1
e81575bd-5e51-4513-be2a-a6d202b5ecf4,f4c7f8ec_ab8b_4366_84fa_28c8825d0f94,2100_3,2017-11-22 23:02:00.0,vSensor1
e81d9b3d-81aa-48d7-aa19-c9a8e6df4bcb,0160530e_e7e3_4d79_bfe2_41c5100cd5d2,5232,2017-11-22 23:02:00.0,vSensor1
ebf63f39-107b-4dc4-8cf3-3e1fe221c2ed,9ab22ffd_7c52_45b6_8d59_c04b09526b98,5081,2017-11-22 23:02:00.0,vSensor1
ef6e9bbb-c301-4e47-bea3-953706511bc8,79cf499f_4d1e_4464_a937_baea6d3a9baf,6019,2017-11-22 23:02:00.0,vSensor1
f0917bf7-db97-4d72-af2b-8e416aff5478,2dd62b8d_667b_4d9f_b6ef_647bacf70272,3204,2017-11-22 23:02:00.0,vSensor1
f2847e67-8b50-48fe-8ee6-84aa3bda1676,a985c340_af87_4490_83f6_eaa149b71d95,3084,2017-11-22 23:02:00.0,vSensor1
f2e50fe0-7e41-466a-b4f3-e31050c50073,00256283_9929_4ae6_affd_750c19b23e24,4051,2017-11-22 23:02:00.0,vSensor1
f39be771-0233-44ea-8f51-2b0a73404a15,b73c646e_71f6_4db6_b9d4_a9d5ff19d6d7,2054,2017-11-22 23:02:00.0,vSensor1
f3a7e5d7-4c3e-4108-9aa7-c11195e39bbb,3720a230_7386_42fc_a676_fde646c49ae9,6082,2017-11-22 23:02:00.0,vSensor1
f4776453-f03f-4ea0-aa71-e04474cc1e56,be0b383c_2f8a_4713_8efd_e4509f4c1ac0,4011,2017-11-22 23:02:00.0,vSensor1
f504360a-be12-4b71-bb7d-76465f6601af,7ef3b61d_1b6e_481f_8507_0f991bcb5dc1,4013,2017-11-22 23:02:00.0,vSensor1
f63ec15c-4754-4af2-a982-0a5fe964b9f0,2554e699_f39f_4fcb_9715_bc4442261acb,6064,2017-11-22 23:02:00.0,vSensor1
f8d2579e-593b-4fdb-a4b2-ec35dfa2ed22,e9b31d8c_54e2_4203_8967_6f19687bdddb,1406,2017-11-22 23:02:00.0,vSensor1
f8f7a9cb-251a-4202-b964-ce3764d059dc,bb4e386c_7878_488f_98e0_f085c9239eff,4028,2017-11-22 23:02:00.0,vSensor1
f92ff26f-1d03-4e3b-89bb-8affc0006153,579dcf2a_a944_45c9_b1d7_621926322b8f,3042,2017-11-22 23:02:00.0,vSensor1
f9988b5f-2c2d-4f8f-a4a9-5e17ceb98aaa,0ee0efde_2553_4406_8a1b_675abf944d23,5013,2017-11-22 23:02:00.0,vSensor1
fb8745a0-5daa-443a-a345-d9caf0af6af7,3663b8c1_3137_4307_994a_c1aa6287ce5b,2221,2017-11-22 23:02:00.0,vSensor1
fba10296-c79b-413f-8c4b-898327dbe1da,4308b918_1c29_4511_a0c8_01cde7332440,5052,2017-11-22 23:02:00.0,vSensor1
