003ef1b0-ff25-4394-ac1f-41af47ba68cf,89,2017-11-19 21:48:00.0,6ae1d8b6_1c10_4b28_83b4_0912ada3184d
027f431f-efd4-45ef-9242-ab37e3b42a60,80,2017-11-19 21:48:00.0,ea94c015_754d_4835_b7f8_30985f75ece3
02fe6145-c9fb-4519-98b5-a994a67a36e6,58,2017-11-19 21:48:00.0,70fe2e8f_4baf_4ef0_a133_205d302190eb
03a7aa38-46f9-4b72-9cb1-3d8b3557955e,78,2017-11-19 21:48:00.0,480eea1a_07b3_48fc_82a0_99ca8b200372
03ab4df5-2300-4839-b635-63feb15357cf,85,2017-11-19 21:48:00.0,4fafe34c_4c58_4306_83fd_c1970118dea3
063b792c-571c-43ef-ad9d-8463517f1572,79,2017-11-19 21:48:00.0,24fb4380_12d6_4bd5_9766_ce3eb8498631
06f17b12-c1b6-412f-b5fb-d16d4b04d7a9,83,2017-11-19 21:48:00.0,a44122b5_1670_4ad9_98f6_ee7c9796c19f
082dc27c-5e97-41a8-a15c-d7c9932f562c,87,2017-11-19 21:48:00.0,18ce566e_b1cb_4b8b_8070_995fe3fb1160
0839203a-fdf3-4810-bed7-1d62043a4ac1,63,2017-11-19 21:48:00.0,thermometer4
0ba476f4-1e4b-4194-b08e-dcb0d67c8c9d,99,2017-11-19 21:48:00.0,ff76d661_2346_436e_893f_d681101365e5
0d55e3bf-c335-4449-aa58-83e4c70fffba,20,2017-11-19 21:48:00.0,0d54dabf_632f_4e6c_a913_74da91f1ebb4
0d79cb16-1f45-4f37-9ac5-c807e7139735,44,2017-11-19 21:48:00.0,99b432d3_45d0_4bd7_96fb_0fd886a7232c
0df31d77-c584-45fb-a6d6-39af30dd8dee,33,2017-11-19 21:48:00.0,8e0548a3_8516_40ef_8e09_b3443e520857
0f6e3cb3-67f0-474a-bbfc-1425a0f4dcf0,65,2017-11-19 21:48:00.0,c04fbfc0_127a_4eb2_9e76_e73567b64510
0fba7886-327d-4ee8-ae76-1317347f0218,42,2017-11-19 21:48:00.0,3745f6f2_030f_4f96_90b6_7828a837c194
11169e39-e379-477a-a7f0-966dc9099266,27,2017-11-19 21:48:00.0,addfac7b_fd1c_4866_b612_e4b4159b9934
158a18db-2e0c-4464-bede-ee1992fa0d85,69,2017-11-19 21:48:00.0,a9f3e1ff_3019_4165_9121_b56b26b51b07
15a5013a-7612-4a88-a49d-9956a2756153,4,2017-11-19 21:48:00.0,21150616_47a6_4849_9dd1_856a0a5042a8
15b612c1-e019-437a-a7d2-4f067893babb,32,2017-11-19 21:48:00.0,d27c9867_35de_4726_83cc_438be2d443d4
17211237-57f3-496b-8d43-36d33da0f401,12,2017-11-19 21:48:00.0,7b3b9bb6_8405_4426_abe3_932b4541fd12
19655600-4ac3-470c-a3a5-12cef214f0c1,67,2017-11-19 21:48:00.0,b7a6ac68_2e9d_43e3_8eee_adbfc9360166
19979324-659f-404e-9f27-898d3b2183fa,57,2017-11-19 21:48:00.0,b80c4f13_1caa_4f2a_a727_59e74c674d14
1a7054f0-e886-4b37-87d3-f6e1fd373b81,46,2017-11-19 21:48:00.0,48997f5e_01cd_4508_9f35_9a30eeb9e6b0
1cc31f59-7b52-4128-94ed-f54903181331,37,2017-11-19 21:48:00.0,b23d87a0_2d7c_4036_a34e_859b29d66d39
1d2dd830-ae6a-4f77-aa0b-0b372a74adf9,70,2017-11-19 21:48:00.0,b65856bb_4544_449c_badc_3f5feaddb41d
1df46da0-7050-44e7-9014-18d2e88fdb7d,52,2017-11-19 21:48:00.0,f93684cd_9fbe_45c2_9fdb_a39532489394
21e4ad1d-c908-478b-9339-8ce141375a81,45,2017-11-19 21:48:00.0,fb9b82e6_98d1_49e8_8729_92cc172175a5
23ed6e35-5ea1-4b22-b15f-2c1a9b2861a7,47,2017-11-19 21:48:00.0,b1617d7e_512f_42ec_a643_91498d88c9ac
246a3e30-0ecc-4db2-ba15-a5c0b1188582,46,2017-11-19 21:48:00.0,eb4a5b59_e125_41a9_89f5_e1628c256b6e
2b94c56d-36af-4f98-9c57-e63b69e05afc,32,2017-11-19 21:48:00.0,1b77f2fd_47ce_4d5f_b402_2f35b5f97079
2c3fadcf-11f2-4da9-bb2a-9006bf0697bb,2,2017-11-19 21:48:00.0,79a1e318_4d8b_40c3_9c56_2c7b778fe234
2ce2a119-3448-4978-9f1e-ebc7daff9b2c,67,2017-11-19 21:48:00.0,c54d3cc2_2f63_4f42_8e44_55afe8bb8722
2cefe860-e47e-4b96-b771-39bd10058239,41,2017-11-19 21:48:00.0,4b9e1a90_305e_4b7c_8fa0_6905bf7faa61
31321a10-169c-4522-92a5-536c48258ddc,11,2017-11-19 21:48:00.0,034a2a71_ccce_4f22_b39c_c5a86308bfd4
32d9273a-7f1d-4b58-a3e2-ec90b8e3fb14,98,2017-11-19 21:48:00.0,5432bb0f_4fd6_48f8_9f92_99fa18a86e2c
3466d33e-3243-48ce-bc90-968240fb6325,27,2017-11-19 21:48:00.0,5112c3e9_cbc5_4411_99f9_96bbd8a56acf
3594eb6a-0f6f-484b-b756-7ce85de7ec9a,39,2017-11-19 21:48:00.0,593439b6_3d68_4c76_9f28_91a91a4dd450
364b1013-3d8f-456d-b9ba-cab72f85682f,80,2017-11-19 21:48:00.0,46ea6eca_efb5_4675_8e17_991b35ea80ca
36c7545a-e758-42e5-9629-351464a5d1a0,27,2017-11-19 21:48:00.0,eee326eb_e493_4a4c_868b_3b1b14032670
38e8cc5a-8b69-44a8-b0c1-952ff5114cf3,18,2017-11-19 21:48:00.0,c8c78693_1442_4f89_9816_ba601f5ebe54
3994dcfd-fa88-4105-9fb2-e764f4682b87,52,2017-11-19 21:48:00.0,4ea7d114_cbcb_4179_8aa4_95a27c934694
3c598542-2ab1-46f8-86df-df93b12eb68d,69,2017-11-19 21:48:00.0,0c14f3cf_2c83_41fa_8a36_45abffc11f9f
3ee74cb2-ddab-4767-825c-b5f17328921f,2,2017-11-19 21:48:00.0,59c144da_7d68_4648_b434_1f745e5c02e0
409a7dbd-24f5-448b-a4a3-53fd1959905e,5,2017-11-19 21:48:00.0,38b29f82_e251_4fb1_ba65_93f404e6b52a
40cb9321-b184-4068-bb50-8194b16d31cf,7,2017-11-19 21:48:00.0,7cb3dd60_e0a3_48f2_bf60_fa00997d3bc3
4267acd0-3a8e-47e6-bdf1-8acf2f07918d,89,2017-11-19 21:48:00.0,d89d04b0_44db_44f6_b3fb_7dcafea43290
42d8fdad-54ef-4782-832f-f3a01ac93da9,61,2017-11-19 21:48:00.0,c897d703_38fa_4985_a1ee_69d53d26da68
44658943-7cb5-4554-ad04-50b8e7f176e0,93,2017-11-19 21:48:00.0,1d3a6221_3be0_4449_9ddb_b47de53fcd27
45fe1324-2209-4f4e-88f9-d1b5d495549f,16,2017-11-19 21:48:00.0,f8af32a3_be07_4eb5_a72e_8ea6d8fb80b9
4643af12-6262-4472-bd41-ca1706572caf,55,2017-11-19 21:48:00.0,4a9b9004_f273_4f60_b890_311aaf29df2c
46ffea24-ce32-43fa-86af-e5b7865ac1a3,24,2017-11-19 21:48:00.0,b49d540d_3a42_454a_afd9_02b22b4b16ed
488166ee-c9e8-41cc-a77c-38ffeb01ead4,94,2017-11-19 21:48:00.0,32730d2f_ae3d_4c8c_8c54_cc4d7d788459
48b76cb5-74cc-4e82-8165-7f0d5f1e5238,26,2017-11-19 21:48:00.0,4b567635_a57b_4fb8_86f2_403a0da4e238
4ace6ef3-1be1-4f24-8f25-237040549196,71,2017-11-19 21:48:00.0,85ec43a8_1fe9_4dc8_a1ba_3a35851229cf
4c660556-f89a-48f7-a47e-fc2cdcedf57f,30,2017-11-19 21:48:00.0,80e5e97c_b8a3_4c05_b0bc_4cf7c9fd74ab
4cd13d27-0ade-4f8d-ba62-3fc9b8ec4424,91,2017-11-19 21:48:00.0,a8c59759_bd50_4a5a_ba6a_f0b1f08ea5d5
4d71623f-d9fb-4dff-94c8-38f8edb62652,69,2017-11-19 21:48:00.0,9118e620_9f71_4c9f_b230_49a072c0335e
4f67e952-6940-4653-90f7-a63806bd2216,18,2017-11-19 21:48:00.0,49f2c33b_3f44_4414_9ff3_a7ecf7cb9963
4f9883d0-4302-43eb-b387-e52d16eeb481,44,2017-11-19 21:48:00.0,1ab9054c_2b85_41e9_ad6d_430967609451
4fe4b397-a41f-4223-bdcf-f27d5f109680,45,2017-11-19 21:48:00.0,c6ff30d5_3854_490c_bc44_38b82698c62e
5192730e-71f3-469a-bffd-c2abae86b25f,47,2017-11-19 21:48:00.0,108553d5_3006_4aa8_889c_994f3f05e081
52ae546b-9fad-4d8e-bcbb-6d11940d329b,42,2017-11-19 21:48:00.0,87d43ff0_8d2b_4a67_98b1_cc8d6c02fba3
543ea501-7dab-4b8d-a66f-86ceeb5a972f,9,2017-11-19 21:48:00.0,93948de2_88d5_4246_9e25_fa007ff3ddc9
5458d4e6-af58-4282-9116-525981499675,29,2017-11-19 21:48:00.0,fbca1807_da26_4e0f_a542_676d46c7fbbe
55923f79-98a9-47aa-b78f-24dd3587b5f7,59,2017-11-19 21:48:00.0,5a79e914_0c6d_44e0_8d5a_d5fd9e46b20b
55c22a1e-6993-4e80-a92c-b70f7d7dfe96,46,2017-11-19 21:48:00.0,990c19e0_2c27_4af3_bada_a8a7ecaf3584
57bd41fb-ed36-4ef8-9b2a-3dca13af7596,37,2017-11-19 21:48:00.0,f29434e1_5b1d_4c88_a26c_9d65c811c1f3
59ccb324-defa-4dff-80e8-b762b9f7e409,19,2017-11-19 21:48:00.0,ea9ca1c4_c5a8_41ad_957f_8a5bb8f7db47
5ab33230-447b-4357-a697-7fb2c2105b47,73,2017-11-19 21:48:00.0,4cfef343_1116_4210_85cd_8a05a09feb3f
5abede6e-a801-4f86-8e27-a6e7604c58e5,36,2017-11-19 21:48:00.0,7313793b_369f_4812_9bb9_131434d7ce7c
5c9629fc-78ca-42e0-9fca-e6158501cf0e,22,2017-11-19 21:48:00.0,e929ba61_78f6_472b_b953_4bd9ed1b709a
5d602c16-7e57-4544-9e77-53555ceda7a2,80,2017-11-19 21:48:00.0,7ca686a4_7a33_4301_9e73_5bab45e5efb8
5e7e66ca-25bf-4796-8e3c-6d5ab02fe1b3,54,2017-11-19 21:48:00.0,2bea4741_bb38_43aa_a73d_152523e93790
5e7fdbc1-a70c-4490-a171-a7e8c681f40e,63,2017-11-19 21:48:00.0,260388fd_1b02_46cf_bb09_7ecb3f55bd62
5f4f96da-6597-4276-acc0-bb62f9a7c674,25,2017-11-19 21:48:00.0,d89dc1af_ff76_43ae_8935_4acee38ddb06
60574e8f-cd98-4c8d-af0a-d50bc07a4287,20,2017-11-19 21:48:00.0,aa396bf5_5991_4ae6_b729_6d1e4ef57f8a
616164e4-2bb3-4e3b-9d37-27713865045d,3,2017-11-19 21:48:00.0,c5a59f66_884b_4827_a2bf_4f7ee97ae6a8
62df0b05-945e-4ec8-af30-55377a1e02b8,51,2017-11-19 21:48:00.0,c2212b25_da9a_4dd1_b73e_4847d0d5be6b
63d6b6b6-552e-400c-acad-fe3dc597fe09,74,2017-11-19 21:48:00.0,30f9912a_7c43_4af1_a11c_8f4ec5f0f297
645cbff9-0fb1-4af7-8f17-35df01cb2adb,5,2017-11-19 21:48:00.0,48e01113_1b7d_4cfa_abb2_92f013039bb9
6461af68-845d-42dd-b022-f8547449f921,7,2017-11-19 21:48:00.0,62ac6847_2310_4519_82ee_0295c22b3617
65289417-33e4-44b4-ae20-5d68646799c4,69,2017-11-19 21:48:00.0,eb5c404c_3456_4041_841f_16347a493d36
65fdf716-8cd5-4833-b620-c1e9235b8906,2,2017-11-19 21:48:00.0,27398e4f_ff9e_49e9_a623_914cba16a4f3
66c4bfe4-dba7-4929-9afb-24c6cd918698,43,2017-11-19 21:48:00.0,22e46500_590a_439f_a348_e4d42b5fd843
6724547f-d7fa-497e-99f3-9525047cb86b,52,2017-11-19 21:48:00.0,05a92933_e8dc_45cb_99f8_ff51307231c0
6a4bdb64-44fa-492a-8bc4-1c4b30e82f35,5,2017-11-19 21:48:00.0,a2726c3e_17c4_4448_a329_ce231e4be42a
6a994aec-487d-46d8-bc3b-48d3d1558a9c,13,2017-11-19 21:48:00.0,a13e581c_a625_4e69_8255_f8a0fe0760fc
6ad1796c-4496-41d4-b0e2-63bf3fa8550d,80,2017-11-19 21:48:00.0,1e431b51_cbc0_40db_8e69_5d44d104a71f
6bae6ae8-b2e3-46fc-a39e-7e46d7c92930,49,2017-11-19 21:48:00.0,75f6d7b8_58cd_436a_9e27_d562c0002342
6ce1d306-fce7-431b-b4e8-66ea27d9871d,41,2017-11-19 21:48:00.0,30f8f807_d40b_4de0_a494_64698b4686a4
6dd99c08-fa45-4bf3-9baa-d3f97c02e4d5,83,2017-11-19 21:48:00.0,799c5a7a_877b_47f0_9d2e_0ef4fb0358c1
6e7df824-f2bf-4e4c-90f0-21a892f19918,87,2017-11-19 21:48:00.0,50b2ce0d_b619_4ecb_96d8_94a913b0a078
6f60266d-8660-45b5-8848-979e05cc1c7f,5,2017-11-19 21:48:00.0,bcba5141_39a1_4ab6_80c7_c9d52f1b4e44
6ff9ce75-45e6-45db-a67b-27983aa451a2,92,2017-11-19 21:48:00.0,f342b8cf_8643_48de_a625_4aa002841c6e
71416c82-6b58-4b5d-8f5d-4b9d7db22ae9,68,2017-11-19 21:48:00.0,57d40c5e_1805_4125_aa4c_728ab3f21665
726ae3ee-1a64-4771-a3f4-26368c945b85,84,2017-11-19 21:48:00.0,9c986365_5a8f_4633_bb9c_2804bb334479
764be875-7352-4ea5-b09e-25b4c5d790b8,53,2017-11-19 21:48:00.0,25040df9_d544_41fc_bf1a_0a5db922e0d8
76df2533-310c-4456-a4c2-3e818b8974ff,71,2017-11-19 21:48:00.0,42ab268d_0d64_4ed7_a7a0_9780c716d636
7a98e5d0-61f7-431d-8de6-c406dba19d9f,18,2017-11-19 21:48:00.0,fee93c06_39cc_4f65_a4ef_75a238a27cb9
7ad3eade-5aac-4fef-8721-2275e00102f5,90,2017-11-19 21:48:00.0,ce67d7b8_5e51_437b_8d4b_6801b9250e3b
7c622fb2-40c6-483e-91ed-3b1fe139d8d0,9,2017-11-19 21:48:00.0,685ea4a3_48c0_443a_a5b6_7c370d2ace9d
7def1b50-ccc0-45a0-843d-be8c62679d16,93,2017-11-19 21:48:00.0,a92157d2_ab6a_4fd5_a132_acffb2e62fbf
7f1202eb-6916-4c21-a6b0-c9762b955133,97,2017-11-19 21:48:00.0,21584f5e_078c_4bfb_8180_f302fddc512b
7fbb396d-d3b2-40fa-9692-b9ade1bbac65,84,2017-11-19 21:48:00.0,56b69f40_30b7_43e8_a6ca_f32fe948ff76
82273720-0bf7-4616-b4f3-098bbfd5ce1c,65,2017-11-19 21:48:00.0,d25306a9_a252_4d16_bcd8_33bfee7d7835
8494967d-5e20-48d6-9e03-eeeb8a3eb47f,91,2017-11-19 21:48:00.0,cf8d72b1_518e_483a_8e22_541b6d7f323e
852a37e0-bcc5-43c0-bcfa-d9ad36a4b7e3,31,2017-11-19 21:48:00.0,c9006752_ebc6_4ef0_b328_3d53747ebd3d
86d04366-0ba4-4df3-8d9e-22977b01eca4,12,2017-11-19 21:48:00.0,090bbf83_61da_4156_9a2b_a5d778c41e07
888f68ec-c882-46fc-bf8d-ce43513ddc57,97,2017-11-19 21:48:00.0,c40def21_35f8_481c_a5e7_dec9a483d8b8
8be85248-ef49-48ce-a66f-3cd3397bca6f,25,2017-11-19 21:48:00.0,fdb74469_3aa4_47e7_a2e0_5458788a3db8
8c94f87a-e676-4abf-8353-18868126146d,91,2017-11-19 21:48:00.0,9bf58875_d609_48fa_8f48_c84e8d34714c
8d2e125b-8be1-46e4-889d-dd2a3ed19306,30,2017-11-19 21:48:00.0,35ae0ed0_40f1_4f43_af72_af4648eb6565
8e0a0409-776e-481f-b850-269da02c544f,36,2017-11-19 21:48:00.0,f0827830_87c5_4c73_b16d_38839666233b
8e239aee-3eaf-41d1-a6aa-682c4cc06a83,84,2017-11-19 21:48:00.0,5c6fd22c_31e5_4735_9c91_8b740fb43e9b
8e96788f-ef6b-45f3-bd0f-82e349672470,88,2017-11-19 21:48:00.0,11a554df_6f53_4707_8453_52fd496b4fd3
91dd8d58-f6ff-424a-a01a-e74d31b3fcae,3,2017-11-19 21:48:00.0,ce1f5bb6_8029_44cd_8355_53d686e8af90
9346558a-d2b6-4bf5-8bfd-c9584e9739e2,83,2017-11-19 21:48:00.0,e3d9a7a6_53bd_44bf_b2b6_00a4512c42a0
93839b23-e174-4e77-a785-00dc0e752267,46,2017-11-19 21:48:00.0,7e306d4f_d339_4433_ad31_25185b999863
96dce974-fa37-41eb-b931-ad65f18caf92,34,2017-11-19 21:48:00.0,thermometer6
98aa3612-d48e-437b-bbfb-cf8e4694cf10,27,2017-11-19 21:48:00.0,a5d1ab60_f185_4486_9d10_89f5cd2e73ff
9909e34d-ca07-48ce-a525-553f847d9ec3,57,2017-11-19 21:48:00.0,230eee2b_ad1e_4ac9_b412_84ca5a386d7e
99c4b6fc-32d2-4055-a1b7-d49f4836bfdc,94,2017-11-19 21:48:00.0,cd7748b6_1e1c_40ba_b412_84391b40dec1
9dba6d97-0588-40c6-8700-5770e7f58ed7,65,2017-11-19 21:48:00.0,40301841_ef38_47b1_af36_34451ff99131
9f7ae11e-b5a6-4d9e-a692-6bd35656c5a3,100,2017-11-19 21:48:00.0,207a1881_5169_4f9c_abc5_09457e9dbe0b
a2eea7a8-d327-44d1-871c-5df9005dff4d,6,2017-11-19 21:48:00.0,603ca5ef_2ab6_42f3_aaf3_55fd798f448d
a362753b-adbc-4d17-b4ed-8667109aa20e,2,2017-11-19 21:48:00.0,24c0a2bb_9dee_4d58_9f10_7df41ac63afa
a3656c47-ca01-4545-96ab-be6ceab18461,23,2017-11-19 21:48:00.0,3adf69cc_1ff1_411e_b863_021bea37e224
a39642d0-ef87-4f00-a369-f556906d6ec9,29,2017-11-19 21:48:00.0,bfd24257_0c53_4dd2_b1aa_70e021d65c34
a3d6cce4-c3ed-4120-846e-9fbf64443f54,86,2017-11-19 21:48:00.0,c8ae503b_ac26_4175_b912_8588bfb7e777
a62e4380-3d1c-402d-8bf8-2629c90f44e2,58,2017-11-19 21:48:00.0,64d84353_18cb_494d_95d1_62754cf2fbc0
a72279e2-7bfc-485e-918d-000132370765,46,2017-11-19 21:48:00.0,3307bd0d_6906_4cd1_8618_e41797258582
a987013d-7bb9-41fd-b411-080faf8a08d2,93,2017-11-19 21:48:00.0,2c6822d4_f661_4b31_b911_b3a6d979a43b
ace07bbd-4a65-432c-9bae-c4275373ae18,25,2017-11-19 21:48:00.0,6b70fd4e_edbc_4964_b5dc_3735620cecca
acfb7906-49c0-402b-9c34-1aceb36bbe48,30,2017-11-19 21:48:00.0,ca8c0c0a_1d10_42c6_afca_49635d139e23
ad6d0b7a-591b-4606-b66a-75efb18cd16a,58,2017-11-19 21:48:00.0,1ac44852_b414_47e6_a7bd_478807f09c0e
ad72e4ba-c544-4bcc-9e79-d6c0d7695684,5,2017-11-19 21:48:00.0,e634c636_35df_4e6e_b988_cc29da9f954f
af4009c1-3893-47e6-882f-63ea8a04a3f1,20,2017-11-19 21:48:00.0,63797709_e4d0_4080_abe0_41bf783bdd9b
af6f76d3-cd9d-4e3f-8690-e70d52c749cb,100,2017-11-19 21:48:00.0,b8d6cc6d_9ad7_4e45_9245_442764b94998
b4817f2c-0667-4260-9965-73fef8431fc2,56,2017-11-19 21:48:00.0,9e4c8e0b_c7e2_44e3_8e78_85925c3840ac
b4e41b3d-b809-46a1-b6f0-c7003747551e,85,2017-11-19 21:48:00.0,8006fc96_a4e8_491f_be14_7ac10db1d545
b56c4930-1d6d-4ed6-9fc8-6f9a228ad8be,90,2017-11-19 21:48:00.0,a4d25fc9_84ca_407e_b53c_cb003b1f7947
b983cd94-9f43-4bbb-8b7e-c344612fcc32,35,2017-11-19 21:48:00.0,68b26513_1824_4c7a_b43c_f1c58b81c75d
bd34a8dd-1f35-4330-b775-d36b1c1ac21d,75,2017-11-19 21:48:00.0,06ff7a79_d6a1_4036_961e_ff605daae9cd
bda4e592-2e4a-49bc-873c-fa9e2cc97cab,16,2017-11-19 21:48:00.0,72271b1c_b357_4714_9055_094a54cbc129
befb2f45-2d6f-40fb-ae73-fbad3b178614,90,2017-11-19 21:48:00.0,37564f15_84c6_45e7_ad13_c6a2f2a02efc
bfcc848d-117b-42be-add1-f7431e490e09,59,2017-11-19 21:48:00.0,8c3996b2_ad53_4626_90e5_c38f776864da
c0c948ef-0aea-4287-8ef8-1765c5848d2c,23,2017-11-19 21:48:00.0,59ad3d11_b85c_44c3_a2d0_6aecf65869ae
c23aaa7f-c5a4-42ed-9ed5-cf626d1c2225,30,2017-11-19 21:48:00.0,6b0379d2_7d3e_405b_bae1_bc82eec416c0
c26a8c7a-c1b6-402e-8b55-c6578646d1c2,70,2017-11-19 21:48:00.0,f8017ce2_b8ca_42c3_8c6b_fdabbfa79ceb
c3ce60ac-28f9-489c-b985-96933268dcc6,86,2017-11-19 21:48:00.0,4bf823dd_2e41_4e4e_95a9_f81467d2fd59
c4817018-648d-402a-a9bd-2f356c3142d5,22,2017-11-19 21:48:00.0,f4244169_c932_4165_becf_3077e973e096
ca417725-be62-454f-95cc-24433f7f1183,27,2017-11-19 21:48:00.0,7424679c_dbad_431e_831e_e25e8c4dbd58
ce236626-e99c-4ada-b731-d35d769935ca,21,2017-11-19 21:48:00.0,245897f2_eb42_4b83_b2d9_0bee57f33e4b
ce8f875f-8152-4590-9fe8-c546c32dfb6a,21,2017-11-19 21:48:00.0,af4bf912_b063_48d2_b772_34e0ac496c1d
d0be281f-9f76-4512-beab-47d6415eca0a,31,2017-11-19 21:48:00.0,1fc0b987_d2b5_4321_97af_e9b81ea06682
d299c440-25f9-4f98-b1a8-b8c53ebfda23,34,2017-11-19 21:48:00.0,42affc90_cf8b_479d_84a8_8d5bb2df3bdf
d4973403-4e20-4fec-86ee-cdcf515846d6,80,2017-11-19 21:48:00.0,b3c560e8_f83d_4c04_b8d4_d9420b663507
d5fcb8f1-5db5-4b04-93f4-4d7a50f70eb9,20,2017-11-19 21:48:00.0,cbaa806b_9db0_4eae_9288_e6a5ce6e0ed9
d6934ff3-bb59-4743-a5c3-33c4a0f52f0f,44,2017-11-19 21:48:00.0,246fbf06_4780_4e54_9fdf_9b597e714db8
d6bd8919-423c-4f0e-9580-ab80b6fb15f4,45,2017-11-19 21:48:00.0,1fd6e5e2_f48f_4340_a1ff_8f686fc255bc
d96b0355-0075-40c6-92b2-79a8d670dc5e,99,2017-11-19 21:48:00.0,af03cad9_681c_400f_a5a7_a17207f49ff6
d9aa2375-0a24-4ec5-98ed-5d2a2eb4800e,99,2017-11-19 21:48:00.0,f6f5cc57_a3ce_4545_ab4e_f72d1990484f
da349ad3-16ca-433f-abe7-5f4b0529e438,39,2017-11-19 21:48:00.0,5ddaeceb_2f5d_4769_a309_7bd0f9c022d8
da9dfee0-4800-45cc-a358-707fb9b65e4d,61,2017-11-19 21:48:00.0,31add2d5_4c92_4725_a305_7076c045ffb1
dad2593c-ad80-4b85-a9a2-732610d28b2c,64,2017-11-19 21:48:00.0,ec939854_a435_4024_9c7a_5e084fa49ce1
dccbd7b4-2371-4884-a32a-bdde3921ddc2,43,2017-11-19 21:48:00.0,6917843d_6177_43cb_869c_62388bcaa826
de61d550-9f55-40e1-b25c-526fa1885bec,74,2017-11-19 21:48:00.0,aafee12a_f377_4fc9_81aa_6cb14c357de0
ded169fe-62cd-497e-b8d6-d3959757e6dc,45,2017-11-19 21:48:00.0,e3de810d_913d_4010_9b1e_606d26980a31
e015c007-ba9a-4a98-86c0-9cef1c9651e4,79,2017-11-19 21:48:00.0,d4c1f7ad_89cd_4774_8f7e_23c6ac9cb8f4
e0ff70c3-c139-49f2-a6f7-11674d83dc55,51,2017-11-19 21:48:00.0,28e29c29_c3d9_41f4_9643_55ff8d7cc5ce
e21eff58-d62b-498d-8673-5c8a9f034fc2,97,2017-11-19 21:48:00.0,5d11c923_534c_41ff_b51e_2880afc90c1e
e321a22d-a34f-46ff-8269-d2b48776ca0e,4,2017-11-19 21:48:00.0,daba1604_e693_475f_bce9_add86339b2cb
e3de54d2-d3f1-44fc-9136-0207ae69b515,78,2017-11-19 21:48:00.0,a17e11cd_ac20_45e8_861c_5b223abc6f6d
e4488ae6-7191-4f8e-9387-1783a83490fa,40,2017-11-19 21:48:00.0,e0feeb48_9842_4639_b2b4_70ebe6d47824
e5510a88-4a8e-449f-8467-21f675e33709,86,2017-11-19 21:48:00.0,ea3e7c59_055e_4600_a74a_095962836c3a
e59a7894-e88d-489c-af59-98904516c93c,75,2017-11-19 21:48:00.0,ed768504_5d85_46de_b32c_91223fb8995b
e5e1f06e-7cda-447d-a6e0-0fd9990f8ad8,31,2017-11-19 21:48:00.0,d0363f41_2ebb_4331_bab0_33ad3384ba11
e5f797f7-d438-4a4b-94f0-add2b29aa0a0,49,2017-11-19 21:48:00.0,89f1f1d1_db86_4d1e_9ca0_0e506fcb2636
e61c96b9-9682-460f-a013-03dc026cffcc,40,2017-11-19 21:48:00.0,76f54843_50f8_4ceb_9fa6_141797c3b251
e755cb75-3c93-4a36-8f0c-c0759799060b,42,2017-11-19 21:48:00.0,98a3b942_c94f_4174_a803_398e4af5c47d
ea124081-b737-40cc-82ce-12b69988b49c,45,2017-11-19 21:48:00.0,2ccfcfd1_8166_446b_b445_781b58404bd8
ea53808c-abe2-483a-a60f-1592c2f25b1b,19,2017-11-19 21:48:00.0,b9604ef9_7bb2_416f_8be9_84548022f3f4
ea98fe52-cb5f-4742-9ddb-b4e65560c7b5,24,2017-11-19 21:48:00.0,953d120f_2e61_4480_a763_5c8fa0571c67
ec2e3c5f-47bb-4a71-8d95-48beeea43060,42,2017-11-19 21:48:00.0,40e02b28_a818_49f0_b9fc_fd99004bc559
eca90cf0-90ce-4e63-a98a-60b4959f10d3,78,2017-11-19 21:48:00.0,92e71dd6_9f1a_4a52_aea8_2706f123c171
ee5e1e08-c03c-4725-bf3c-fc13216f745e,67,2017-11-19 21:48:00.0,d17cdaa7_d788_4747_925d_27d91b9aad4d
eea8cb96-0383-40e7-9b3e-051dd3403e18,10,2017-11-19 21:48:00.0,fb88292a_2c64_4b91_819c_253d1ed2364d
eeb8b61d-65c8-4cf1-b494-6a29c6ceb550,82,2017-11-19 21:48:00.0,a168b85c_44b7_47e9_aa34_ff87d1126316
eed24120-0372-4a9e-a283-d89402673b72,30,2017-11-19 21:48:00.0,a70e65b0_276a_4c14_8792_893cfb3b9e01
eefa77ea-8519-4a0c-9fb1-9a2a992ccc8c,23,2017-11-19 21:48:00.0,85e2be39_4bae_4da6_bc57_e230e9ea36a4
f06f24fb-631d-4b8a-95d4-43be4c8fe99b,90,2017-11-19 21:48:00.0,6d09de97_6ae3_43c4_9c22_ad0cb33beec1
f0f04f18-544a-4ddd-b1c1-b4771eef6048,36,2017-11-19 21:48:00.0,29dd6634_6c9c_40b6_962e_10499efb9b40
f3d21196-8a93-48d0-bc65-c988523f48f9,43,2017-11-19 21:48:00.0,4d8c269c_d321_4221_a27c_b8261236e4a2
f488434f-e92d-4ee6-b67c-b39d24ac1908,69,2017-11-19 21:48:00.0,5c2bf7ca_2933_402d_ab0f_44df8eab9a24
f5212422-9535-4fae-8642-a13274480a68,17,2017-11-19 21:48:00.0,d7f8925c_52fb_4a77_a198_5ad980404869
f88f4ea3-37c1-4313-b351-8427403d3365,54,2017-11-19 21:48:00.0,03041281_826a_45cb_b1da_0cab4730eb5a
fa17ba1b-45c3-4930-9649-f0af28fe6674,35,2017-11-19 21:48:00.0,6c84ce73_af10_49c2_b893_b97136adc4b3
fbbf320d-f89c-48e6-a278-9a69e2ac2dca,5,2017-11-19 21:48:00.0,9c939ab4_c137_4af9_8d93_cbccff03b904
fed1fbe4-efdf-442d-9b23-489d82263b49,34,2017-11-19 21:48:00.0,1221af48_14f2_4c35_b607_eb5c68dcc74b
ff49068d-901b-418f-b2fa-bb21251bf34f,4,2017-11-19 21:48:00.0,cb23b0ba_1602_416d_b273_4a7b708995d3
000eaa27-1a90-49e3-9c59-2f4fffce2978,89,2017-11-19 21:50:00.0,78afe407_698a_48f3_a3d3_c4a4d85f7938
00d4f674-08bf-46c0-9b8f-1c47a45c71c1,8,2017-11-19 21:50:00.0,8006fc96_a4e8_491f_be14_7ac10db1d545
01c4ec92-4fda-4d65-af86-cd7599d9a11a,72,2017-11-19 21:50:00.0,d362e725_6687_42a5_9194_f35645cc3db5
03027a53-671f-4a4d-81aa-d132f70bb5bd,31,2017-11-19 21:50:00.0,31add2d5_4c92_4725_a305_7076c045ffb1
07c0b6f2-415b-494b-bd85-1e61ed19490b,25,2017-11-19 21:50:00.0,ad8b6c76_77e1_4f3e_b2a4_d135f4049725
09e89dc0-b55c-4868-9510-5c3805a24b24,57,2017-11-19 21:50:00.0,efb8d06f_a46c_46b8_b8a8_29dd33b1da8b
0a284f73-4a95-46db-82fc-769062e947a8,45,2017-11-19 21:50:00.0,e79a3c83_8677_42dc_b67b_df32f774b6d2
0bf3334c-85d2-461f-b631-c7067dca997a,29,2017-11-19 21:50:00.0,a4cb5787_051a_4bc0_9c03_f8f2c226589d
0e09d06a-cfec-4b23-ab77-ea804dd0fc58,60,2017-11-19 21:50:00.0,9e029332_3ebd_40f6_aaee_268c49cb9244
0e19a75e-b031-41d1-a0b7-2a62b751434b,5,2017-11-19 21:50:00.0,5c42d5e8_78aa_4430_a641_bf2e943c778f
13d6eb97-e1ce-434e-874d-b9b311779576,71,2017-11-19 21:50:00.0,b685f33f_89db_418d_81f7_da956974c47e
15fd6d73-a6b6-457a-877b-bedb4a1e0574,13,2017-11-19 21:50:00.0,d95f7256_81d9_4295_b19b_c08591ccc7a9
1612f045-7609-4821-b963-48e07e472934,2,2017-11-19 21:50:00.0,e8b6be2f_4c0b_448c_861d_375a0f4553a9
16da5006-5a24-4997-a991-781127c5e4ab,36,2017-11-19 21:50:00.0,4e772149_bb7f_4bad_b206_1fde98b8a94b
18757048-9276-498f-b251-63c056e7a8ad,37,2017-11-19 21:50:00.0,e0a821c6_6311_40ad_b1b0_50c7a76db492
18c2cd1d-8b11-4607-b940-ae58cfa4c754,86,2017-11-19 21:50:00.0,82c1d21e_28bb_4b27_a6cf_d9135696a0ce
1f041ef7-86cd-4d96-9082-5aa0220dd817,28,2017-11-19 21:50:00.0,92cb95b9_427a_492f_8e00_29dd169b110b
1f9cb6af-4bd6-4206-8ffa-20720fab46b5,66,2017-11-19 21:50:00.0,67ce1238_189a_4dd1_bf1b_e6caa7b25cd2
20fdc89c-0045-41c6-954b-62a2a90846b6,91,2017-11-19 21:50:00.0,7f245af3_afca_4a3e_bf74_c9b301c01fef
210ad97c-7c04-4abd-b59d-9c875bd985ee,20,2017-11-19 21:50:00.0,ea9ee95f_5f99_4944_a35d_03ffb333f26e
2247ce27-505c-4a23-b00a-83cc1eba2746,77,2017-11-19 21:50:00.0,c3fe9f66_7fdb_4c85_8605_8d1234fe8f5c
23cc4d8b-fa9b-4a8d-bc04-5ea03e1caf94,89,2017-11-19 21:50:00.0,92fd38d7_b906_473c_87b8_685baca239c4
2560ef41-e8ab-491d-bb57-48fb0dab9f8e,84,2017-11-19 21:50:00.0,80b757f4_ec99_47f9_bafa_88375b148333
268282c0-c65c-4245-9641-095ce5adda92,9,2017-11-19 21:50:00.0,e8dfd10d_5398_4a3e_856f_908a6b22f8d3
281e6fdd-5ba6-42b5-a731-d5eefc045b4d,30,2017-11-19 21:50:00.0,5ecfebcf_ed50_4e7e_a5be_e85ac632558f
282fde58-89da-4f1e-aad8-5b3b6e149000,87,2017-11-19 21:50:00.0,c94e4ae0_d76b_48b6_a572_80dc8485ea86
2b41d464-42a0-4ae6-8ad6-7d2da2a9c4d2,46,2017-11-19 21:50:00.0,thermometer2
2bbd0cd9-3c10-4442-9427-d8578ef19ce3,73,2017-11-19 21:50:00.0,0d39c859_842a_43fc_ba12_6e77d9f235d2
2c5e4616-3ab3-41db-9a8d-2b76aac7bde2,60,2017-11-19 21:50:00.0,3071efb7_855b_47db_8a1e_3c7d0136eaa8
2d756aa4-ac31-4d60-bf80-2506f2938225,13,2017-11-19 21:50:00.0,8f097723_77ef_4ac7_a235_cbbe665b6d67
2ddfdfdd-aec0-418c-98cd-b44428b69dc6,83,2017-11-19 21:50:00.0,740d6010_def0_4581_a737_31e60bd59779
314a6a73-2561-4069-a6b3-e751ad239800,67,2017-11-19 21:50:00.0,4c7433c6_7e10_430c_9a4d_a3ea48a636f8
325465c0-308f-4ddc-8908-27ca614bfe6f,94,2017-11-19 21:50:00.0,7e306d4f_d339_4433_ad31_25185b999863
33b29337-7ab4-45de-bf48-54a1626c1d8d,75,2017-11-19 21:50:00.0,f3ee2b95_8dae_40a4_90a8_b633469e39f9
342e566f-a0e0-48a3-a616-34a9c73f6704,90,2017-11-19 21:50:00.0,a66d9936_abf5_40dd_a5e3_bcf776717d03
34b36abe-3a3a-4802-8b43-e3d9d4ff6e38,78,2017-11-19 21:50:00.0,3dd8a93f_6409_4c68_9232_27ae1b3cb6bb
35c67a73-c2e5-41ae-b6c6-9e625efe33d3,43,2017-11-19 21:50:00.0,7cfa23bf_4c97_435b_a688_4be8fe963b54
3a3f82c5-c0cc-4c9e-b43d-626fb3650197,57,2017-11-19 21:50:00.0,1cadbb1e_ccda_4fdd_bb51_21c3b3ccba34
3af8e9f9-b15c-4197-b8c1-93ca1bd9c8c5,89,2017-11-19 21:50:00.0,49522ab5_19e9_4059_af53_d151daeaf7b7
3bfb2c47-cbcd-4afa-b6a4-b41563543b7a,26,2017-11-19 21:50:00.0,93948de2_88d5_4246_9e25_fa007ff3ddc9
3c4dae5c-6f0e-4776-9b5a-0b94e3697571,47,2017-11-19 21:50:00.0,c04c6eae_e20f_4fd8_aa96_20a12c40e0b9
3d956229-aaef-4486-a9be-46b34ac88c65,61,2017-11-19 21:50:00.0,79dcf607_65aa_4c61_a641_362f13fb1976
3dcd3c6a-7941-4006-a2c3-4c424b23df36,98,2017-11-19 21:50:00.0,8b3ebb82_7a4c_4455_b9a4_4b564a788ddb
3de36ede-6a6e-4847-93dc-20950e759ff4,80,2017-11-19 21:50:00.0,b84f0735_8e29_4ec0_ba57_54d92ed33fc3
3edeebd2-9d1c-4cb2-a52e-2ca0ebd43c6b,82,2017-11-19 21:50:00.0,cd1afcaa_0d3b_4bf9_be8b_ed9b68992afe
3f5afab2-6fb6-4451-b44f-2fbcb7934708,70,2017-11-19 21:50:00.0,b1e9f29a_869f_4d2c_857e_cabfebe86b75
40d7e850-5174-45f6-91c7-950b1877cbbc,84,2017-11-19 21:50:00.0,bb208eed_72aa_4e0e_b159_3eac5ced872d
410a2584-472d-45eb-a7d3-b8b67e448b55,100,2017-11-19 21:50:00.0,8ee937d1_54ee_4565_9a46_64f8d7e11778
41c9cd6e-d972-4405-8527-137445cc50b3,61,2017-11-19 21:50:00.0,c9adccb2_e0dd_477f_995d_f9d3172063c4
42d20bd0-bdb2-41c6-a696-57c0de70d1a8,97,2017-11-19 21:50:00.0,edb3e90d_9b2e_4cb4_b954_c12702dad953
4694d5fb-5d11-48eb-996d-ed2f17584002,35,2017-11-19 21:50:00.0,f6f5cc57_a3ce_4545_ab4e_f72d1990484f
482fef9d-2bf5-4b69-850e-3d92b73157d9,48,2017-11-19 21:50:00.0,cb8e2453_97ea_4a77_8dad_6a2d4c1c955d
4944f271-716b-4b70-a97c-1abb378b0714,61,2017-11-19 21:50:00.0,70008bfa_c260_4456_887e_a874c36ea63b
4ae1d6c8-c3fd-41ab-98ca-c4155fe43c0a,78,2017-11-19 21:50:00.0,bd9313e9_d462_43ac_9946_4496332833ae
4ca36c00-9a4a-4636-a064-206f0e65a3f3,58,2017-11-19 21:50:00.0,e9407733_34b6_46a9_844e_f8507e5d61fe
4cac81a9-f969-47f4-a8e5-0eab654836f9,42,2017-11-19 21:50:00.0,9fe70628_6bcc_4005_b642_a41939b4769d
4ea537e0-ab7f-4018-865b-44f8ba48a978,100,2017-11-19 21:50:00.0,d84a1e9f_5181_4063_88f6_cde427a50ef2
50667629-f248-4a54-9506-81e77996561a,55,2017-11-19 21:50:00.0,70fe2e8f_4baf_4ef0_a133_205d302190eb
508ff3cd-ee9a-4197-9816-d522cf9e595e,3,2017-11-19 21:50:00.0,8495c7e1_3c1d_4d8b_874c_7c141d674865
50a3e3e1-f53e-4645-972b-f0b01f1bdf87,15,2017-11-19 21:50:00.0,a8b8fe7a_ec54_447a_8715_9b8d00c167e7
52ad020a-4001-48eb-8ccb-dd5acd840d85,26,2017-11-19 21:50:00.0,eb4a5b59_e125_41a9_89f5_e1628c256b6e
53739d4f-23f5-45e2-947e-fd4dba6bd85a,65,2017-11-19 21:50:00.0,816cfc04_a67c_4b15_9d6f_313f3c53b761
589f24fd-2d23-4855-b904-410680fb0c65,63,2017-11-19 21:50:00.0,8ef02ba8_2b39_4a2e_8a36_c44a0cb30297
59ba8c6a-c0e6-4961-98a8-77dfcca63417,5,2017-11-19 21:50:00.0,535b165b_9fe2_46d0_9c20_11e38bce0366
5b52efc7-68cb-44c4-b485-8a33a014072e,56,2017-11-19 21:50:00.0,db421f8c_fa97_4d8c_b31c_5268c14cb1cf
5c1aa019-ac2c-47e1-9d94-d505a366fa56,32,2017-11-19 21:50:00.0,88c25fdb_3c12_427b_92b8_4d16f21ec557
5cffb932-af5d-47db-b3b1-8bc3e8915506,48,2017-11-19 21:50:00.0,55444b53_4456_42c5_bf1b_93b549385e0a
5da89c1d-1232-4775-81a9-cb8d6f6245e7,42,2017-11-19 21:50:00.0,2c8fda8b_e013_443a_9487_2f5f98e42b56
5e64b6c8-fcdf-4a39-b90f-60a3ef39b50e,43,2017-11-19 21:50:00.0,6f2bb567_aa2e_4c66_bfe9_0199697171b8
5f4bdf2c-9a58-4d5e-97b8-3e081c1fd142,23,2017-11-19 21:50:00.0,20639334_3803_4d8c_87b8_701ebfaebaf2
611c2ae1-2617-45b9-8ace-8852f8d856da,52,2017-11-19 21:50:00.0,377b20bc_0114_4ca3_b44c_fe4bfe49928d
61c22388-fd34-4db4-b623-9faea602e9ad,73,2017-11-19 21:50:00.0,95d36f71_a270_4f56_b86a_16115a68ad9b
61f5507c-cc00-42de-9cf1-62f277c89b54,31,2017-11-19 21:50:00.0,f9ce6449_534e_4c14_9e8f_7945db84794a
62e95d8a-6fb9-4959-9be7-19360a887758,66,2017-11-19 21:50:00.0,f2c42896_081f_42b4_b243_9723224064cd
631b52a2-4c8b-43b5-8e87-72df0674abd3,47,2017-11-19 21:50:00.0,198e4a6d_0e0a_4d20_8bcf_65598672b043
65e5c560-39a0-4d53-b559-840fe8f6311c,48,2017-11-19 21:50:00.0,1f56c7ec_68a7_4d15_9b36_2173d04ab7b9
661c9957-19be-49ee-9262-e6fbe591d722,98,2017-11-19 21:50:00.0,b3b2b9b0_2a13_43af_b921_cf0e1f979578
668beef9-393c-4ba4-af3d-bb2cc7c83186,13,2017-11-19 21:50:00.0,3cf623a6_7d34_41ec_a793_84ec7b951045
689e0f88-eda1-413d-8471-5f0e01025eae,65,2017-11-19 21:50:00.0,102d3fa1_1188_46ab_9f32_49cccd95b174
689e2816-f4e0-49e0-b7ab-61c396c50458,76,2017-11-19 21:50:00.0,6c155b43_dd13_4e05_9c79_f2424fcf767d
68b02f3a-7f64-42c2-8f40-1330b40106dc,43,2017-11-19 21:50:00.0,40e02b28_a818_49f0_b9fc_fd99004bc559
69c24765-f6cb-4f66-9459-5d0a9eda1fde,45,2017-11-19 21:50:00.0,dd5302c5_37c6_4ded_abce_adbbf7210e50
6a12723a-1fae-4414-bfa3-a21303ba33aa,10,2017-11-19 21:50:00.0,d7c558bb_91dd_467a_af6d_f7152cbf7d8c
6a8aba1e-08f2-40a7-9f01-f3a83a4d242e,40,2017-11-19 21:50:00.0,110d75d5_eceb_4796_8cb5_cb4d197673ac
6b2a3ec5-454b-4527-928a-d1f275d9fb72,83,2017-11-19 21:50:00.0,4a4690f7_95c4_46b3_bdd1_783a4a974af1
6cfc8f15-1031-451b-98ab-ab1dbe452c26,73,2017-11-19 21:50:00.0,22e46500_590a_439f_a348_e4d42b5fd843
6f613688-459a-41e3-a870-37e1099637d9,60,2017-11-19 21:50:00.0,65b8e87f_9422_4872_8aaa_383c6e9bfb8b
6f9f9245-219a-455e-b383-916e51e14a33,48,2017-11-19 21:50:00.0,e29fa8f1_8921_4206_a240_69454fa21195
70d16925-c175-4e9d-a199-032f17e453b9,49,2017-11-19 21:50:00.0,ae2c92e1_2c81_455d_af71_ba3f4caeaad5
7117d418-72e0-4091-ab7d-ec3a644f7c74,97,2017-11-19 21:50:00.0,1f92eb51_9553_4082_8d36_834fd54caf1e
721d3220-8bf9-4e36-889d-929c9d6b1a09,98,2017-11-19 21:50:00.0,ab7cacb5_30ae_4e39_a9d9_10f41a92e19b
72204ddc-d98e-4a10-bca6-d18974f08482,100,2017-11-19 21:50:00.0,024dc92b_b53b_49c1_8d97_9a28ae3bf490
722b7dcd-5a7c-4a79-a6a5-449da7c2ec66,44,2017-11-19 21:50:00.0,bdafa97b_b950_42e5_8338_3587b90923ee
723a47f5-79d5-464d-8c3f-29263a6bc1f9,89,2017-11-19 21:50:00.0,b311a130_6e48_45dd_b2e2_8e3d51907ce3
72d53392-49b6-4d50-9420-75a005a5694a,27,2017-11-19 21:50:00.0,be71b045_b4b9_4c55_92e1_8ccd80248e17
73d7524b-5402-4bde-b6ff-78f16a77183b,61,2017-11-19 21:50:00.0,1b77f2fd_47ce_4d5f_b402_2f35b5f97079
74f9163c-fc92-494e-83f5-3a86a0048dc4,24,2017-11-19 21:50:00.0,3d31a4b0_a66c_42ee_8993_b6ef53ac6fb2
7881ed34-ab4d-4a09-b486-0a90c02a51cd,57,2017-11-19 21:50:00.0,7ff77470_181a_466c_97f9_368fafbe8d6d
7a42f150-bd44-46bb-8c85-f5708c11feb4,5,2017-11-19 21:50:00.0,2fc3c344_d837_41af_85bd_38b846536c30
7a455f7c-cd17-42e8-bb1d-fd660f9837d7,58,2017-11-19 21:50:00.0,88610285_9edf_47d1_95cf_22078df4b360
7beb1002-f6bf-47f7-958b-9b6eaf1becb5,8,2017-11-19 21:50:00.0,32f62f31_a72d_4c73_81bb_12823f8b986d
7c046a05-c5b4-4949-b982-157e4af5335e,42,2017-11-19 21:50:00.0,1885e7c4_2bca_4fa8_968a_81e274bd6478
7c93703d-82f5-4b94-b00a-190e994b31ab,21,2017-11-19 21:50:00.0,160c4da3_d7f1_4348_add2_3d843434dd6c
7d200961-baf6-46a2-9099-1022cf144f6c,8,2017-11-19 21:50:00.0,c6ff30d5_3854_490c_bc44_38b82698c62e
7e09ef6e-1dec-4b19-8a9b-76ba884826ba,14,2017-11-19 21:50:00.0,593439b6_3d68_4c76_9f28_91a91a4dd450
7ed7e621-9968-4e38-ad8e-c5af970ec0d3,92,2017-11-19 21:50:00.0,c7094d00_cdb9_4202_9d3c_09e35cb92e51
8030f47b-000f-4fce-aac8-b878acb4e125,47,2017-11-19 21:50:00.0,977de421_49d3_4523_b357_40a74b0a9bf0
84d4db29-1e3c-41b8-96f5-237f601955ca,74,2017-11-19 21:50:00.0,bf7b12a3_b055_4b37_9e1c_7d53592fa875
84f4bb33-b6e4-48af-bd4e-c30a1437383d,4,2017-11-19 21:50:00.0,82bdf283_fd43_45a3_b54b_1fa73912fb21
8773a1dc-52f8-4d8e-91c9-fbcc2809c481,6,2017-11-19 21:50:00.0,65be21d0_36d9_41bb_a4f9_d3ac48c48332
88899ac9-4318-45bc-8cc8-edc990dba574,47,2017-11-19 21:50:00.0,4b2654ec_466a_409a_9f0f_ce04992aedf1
8970aeff-4c4a-491c-b64e-2c51c2108449,65,2017-11-19 21:50:00.0,9beafc1b_75cc_4b0e_93bf_8adc3548afac
89c6f8b9-7c76-452e-8fd8-68a7e12f8b84,97,2017-11-19 21:50:00.0,8b508d6a_f12c_4b93_91c6_8754271c2f16
8b98e440-ade3-415c-8421-f74aeb09a67d,84,2017-11-19 21:50:00.0,6c5f08b1_627a_4791_be11_42b49dc81929
8c20984a-7ed2-4836-902c-d3bcdb91321b,35,2017-11-19 21:50:00.0,de57a679_4573_4c1f_a5c6_da284d4a8db0
8cbd40a9-a69b-4db4-bb5f-b687c6149678,91,2017-11-19 21:50:00.0,fef5f86c_8535_47d2_955a_a8fc01520725
8cc25f13-9de9-4a6f-bcac-2bb453ea22df,52,2017-11-19 21:50:00.0,9eaf9968_1cd5_4e12_a911_d7411d473b51
8db4f787-bb97-44af-86eb-5688408b284b,35,2017-11-19 21:50:00.0,f4882999_0cd4_4de4_9d75_6ffc87a13065
8fa92cbf-a496-455e-b9b9-d29dfb9dc463,40,2017-11-19 21:50:00.0,c9a2b746_3579_485e_a45a_17ddc8c75c53
91485ff0-e397-47be-83ee-8b43bf54107d,90,2017-11-19 21:50:00.0,f54ff2e4_27e4_483b_ae95_f4af2c53e22f
923d0afb-111b-48e5-a9a3-64627bdd1005,6,2017-11-19 21:50:00.0,214c0dd5_dbd6_4249_ab6c_43bce675d2a3
92e36a46-dfbe-4da7-a98c-979b86b9dc21,35,2017-11-19 21:50:00.0,8643330d_0ca2_4430_a3e6_24eb89990942
93c33033-5d53-460d-8dcf-fd0be0beb840,36,2017-11-19 21:50:00.0,4079f5f2_1050_4353_912e_cbb8e23b99b8
947bc01f-2675-4850-b991-60eed2ade44c,27,2017-11-19 21:50:00.0,019a7278_0e95_48a5_8103_b301e149ca8c
947bd064-d827-4b58-83ea-aba7c120007b,20,2017-11-19 21:50:00.0,a1fa0482_0b0b_429e_a141_7e2d251f3435
95e837dd-61ff-4fff-a2ea-99315928db38,70,2017-11-19 21:50:00.0,c4c6f351_95f5_42cd_9ca8_3a4c59d81693
9a070cfc-8a13-4a8e-bca0-3fa865df172e,41,2017-11-19 21:50:00.0,c1cbb11b_f7b6_4683_abdf_22e84e780fab
9a1fee6b-3274-42ef-9fe9-24fd59fa1a80,66,2017-11-19 21:50:00.0,cf4e5b62_7ff6_4943_b743_eb0558b6e4f5
9c6f24a9-150a-4c91-9137-e6a1cde724d3,74,2017-11-19 21:50:00.0,566cbbc8_7750_472c_ac71_e5ab1d08169e
9cc5fb72-507e-483b-b677-661048cb73c2,76,2017-11-19 21:50:00.0,4b086dc3_70e8_4fe3_9911_d9bc23e0b727
9d1dbe3c-85dc-4a78-8c34-608d3bf6e14a,85,2017-11-19 21:50:00.0,3910f6cc_cdc0_4373_9946_67d95b9a4c80
9e372836-7afd-495d-bb20-9ddc99f8dc84,27,2017-11-19 21:50:00.0,1f6579e2_c051_4f85_a2f1_a73815a2ca38
9eeb4c67-07d2-44ae-8a42-c94a7af747f9,3,2017-11-19 21:50:00.0,99b432d3_45d0_4bd7_96fb_0fd886a7232c
9f5a883a-c537-4834-8533-266051d6eca7,27,2017-11-19 21:50:00.0,334721ab_917c_48bc_81ff_4e3a34974cbe
a029ae55-654e-4a5e-8a26-108640b2a23d,65,2017-11-19 21:50:00.0,d2115a7f_7f9f_4a93_b8b0_2fcec8249450
a063bff4-d7ae-4bb5-8edb-02a65057536a,47,2017-11-19 21:50:00.0,adf570fa_9312_4433_9397_99d7921f8375
a0a79b20-02c2-4d57-be2d-57129fe63094,82,2017-11-19 21:50:00.0,98518a92_0cc7_41bb_86f4_e973244ee220
a6c10687-d170-4a4a-a4ab-f5fb5b127458,60,2017-11-19 21:50:00.0,6ae1d8b6_1c10_4b28_83b4_0912ada3184d
a9cf746e-5885-4ff6-8056-6917438b4006,22,2017-11-19 21:50:00.0,334ac30a_3cbd_4305_9e9e_5559d50dc69c
ab7ebb11-0409-4f5e-98da-ed76f7cfce50,64,2017-11-19 21:50:00.0,139c4fc6_51fe_4887_82bb_075f3fc5dc14
ad18dac5-c74c-4f5a-9d1d-af5a84863037,12,2017-11-19 21:50:00.0,cf1ab35d_d2c3_4531_b093_706e0d1cce50
adb1bd8a-ca8b-4e78-9334-c4aeb28a567e,38,2017-11-19 21:50:00.0,a4d25fc9_84ca_407e_b53c_cb003b1f7947
ae936a14-8cd1-4281-bc3f-71489275b7e1,100,2017-11-19 21:50:00.0,7a88ca9e_9a2e_4dd5_97e3_cbc1eaaea20a
aecc43e2-3f42-48e9-a739-889fa7abb89c,92,2017-11-19 21:50:00.0,7e3add2e_d892_459e_8260_eb1141d788fb
aee5f626-174d-468e-be29-bc10de4f06c3,89,2017-11-19 21:50:00.0,86a81d6b_6b7d_44cb_8347_70f8233ec76c
b4b16fe1-3e15-4506-92be-b0867b8ba710,20,2017-11-19 21:50:00.0,2f0d8a06_4a35_4260_bb0d_d4681c8adaff
b4c18e6b-d793-40a7-ae8e-df1f5d377c37,52,2017-11-19 21:50:00.0,5b0ee695_3997_40ae_862f_4d4f3b10696d
b554b5eb-c7b9-4601-9e34-39c7dd996800,49,2017-11-19 21:50:00.0,c897d703_38fa_4985_a1ee_69d53d26da68
b6677367-8907-4ae7-a49e-2968edaa4bbd,41,2017-11-19 21:50:00.0,4686adb7_fa74_4a01_aa6b_e2ef24538c43
b7982b66-b38b-4320-8475-8bd532812502,100,2017-11-19 21:50:00.0,5c33234c_38b9_47d6_b291_c8e131546c6e
b82982d3-231f-4eb9-aa78-66b96f6c9d74,99,2017-11-19 21:50:00.0,9e4e4a3c_3390_4274_8b80_017050c65a8d
b9d3c847-0722-42e5-be3c-ccfcebb4c163,86,2017-11-19 21:50:00.0,85fb7106_b75e_4261_9a84_731183936e74
b9ee367f-9ede-4620-90a2-f38fb6f08de0,82,2017-11-19 21:50:00.0,02aa3ffe_5e89_4289_8b6b_8ce849490992
bbea1649-e194-471b-bed1-274b782d4fe6,47,2017-11-19 21:50:00.0,11a554df_6f53_4707_8453_52fd496b4fd3
bc8b0162-a0a9-4cf4-96f2-ab6114ca15a9,83,2017-11-19 21:50:00.0,beace017_b726_4f5c_9c45_0a63179a0e9a
be860f25-ffa8-4392-9341-026ff83b5c5a,46,2017-11-19 21:50:00.0,6b012846_9adc_4f30_8d7f_2da48c237736
bfe29e10-5266-4c2e-a8d2-34d6c0555aa5,55,2017-11-19 21:50:00.0,1fe64f9d_2fec_4624_afcd_71cc2b516caa
c166ab91-36ed-4285-b705-fcf8f1995799,25,2017-11-19 21:50:00.0,af07f58d_5d07_48fb_a248_a26b9379e8be
c5501fc4-8d8f-4641-ac64-393bd043add1,7,2017-11-19 21:50:00.0,4a924d43_c91e_441d_ad98_685bbbc1640f
c5db5978-9f9d-4c71-b194-84a0f5225b6c,17,2017-11-19 21:50:00.0,6b1c28af_6d32_46bd_acbf_a267e6979217
c7c9c2a8-aae7-4765-86dd-d2cf4628b498,60,2017-11-19 21:50:00.0,812c7beb_5be1_4d05_9b09_c545a20ff8cd
c9063879-973a-4842-8b16-07f8709d4db5,71,2017-11-19 21:50:00.0,4a5405c0_898f_44fd_89e0_e1b300191765
cbbf7fea-4fca-4504-8fcd-a86bc6042959,87,2017-11-19 21:50:00.0,add712e3_8a7e_4b6c_8396_a2e8271ab14f
cc0bad69-4e0f-4406-a01b-ed312f2e56e8,49,2017-11-19 21:50:00.0,7c171e2c_8547_43d6_9eb9_d1a53474dff8
cde8875d-d76a-414d-8fd2-d8112f814d15,68,2017-11-19 21:50:00.0,ee3d04e8_5b52_4872_b848_5a7c7336ee12
cf69c906-ba9a-479e-818c-6e938269241b,68,2017-11-19 21:50:00.0,5d0dd3b3_df92_4cc6_8ec2_fdd72a038c50
cf8bb064-18ce-4f06-882c-d357f69eb2c9,63,2017-11-19 21:50:00.0,6592c824_2516_4be0_a2ca_da543a87e00f
cfd0aac3-69da-4382-b14e-b6139e390414,46,2017-11-19 21:50:00.0,fb88292a_2c64_4b91_819c_253d1ed2364d
d056e815-3c68-4647-8162-020a043f6ecc,95,2017-11-19 21:50:00.0,260388fd_1b02_46cf_bb09_7ecb3f55bd62
d171873a-8442-4824-ba1f-c5ecd3e2dec5,97,2017-11-19 21:50:00.0,655bc765_ac5a_4a83_b90b_4ab2f1ea0314
d200546b-269d-4599-bfff-0950b08f27f7,37,2017-11-19 21:50:00.0,5e3fc47f_67ad_4456_b4eb_0b22744a31de
d58c51c9-8d0f-4e6a-9100-4a21b8186f70,43,2017-11-19 21:50:00.0,dd49818d_170e_4057_9550_31a9b028f9aa
d6602d5a-229c-4cf8-a856-810358a968f7,84,2017-11-19 21:50:00.0,a7d76061_cea7_45ad_9cc2_f700e29928ac
d672cbbe-6c4f-48f8-8d7d-a38d8478e769,36,2017-11-19 21:50:00.0,b2f709e1_0f76_48e8_b48d_d9e182c7a5ed
d7acb0da-340a-417f-b5d8-0047b40ba53c,56,2017-11-19 21:50:00.0,b8d6cc6d_9ad7_4e45_9245_442764b94998
d9267c8f-3342-4aa2-a7a9-c2af25a60132,44,2017-11-19 21:50:00.0,200d7264_1f5d_46e8_9800_e9d02bdfbb6a
dbc4001f-fa49-44e7-a6c3-7423713b47ff,95,2017-11-19 21:50:00.0,94bbf2ae_b6a5_479c_ad56_05cf2f425bb2
dd0afc6f-1493-4ffb-8a9c-1c4c4266ac81,22,2017-11-19 21:50:00.0,443b00de_523d_4b3f_bd22_7f8a17e48c71
de071d3b-bfd7-49e4-bc40-44c78ad99db1,67,2017-11-19 21:50:00.0,f38fab3d_ab25_4447_9dcc_a300434fe38a
def6404a-f886-461e-aade-e80a1caf5d0d,23,2017-11-19 21:50:00.0,8b2cb401_f140_4954_b3c4_d582dcacf8d2
e0fb8f78-f3a1-4b6a-a4c1-cc9452876962,4,2017-11-19 21:50:00.0,f5a01fb5_0222_4913_92c2_a1c212faefbf
e1d0a97a-d50f-472d-b334-ef9811822dae,56,2017-11-19 21:50:00.0,adf7f977_0be0_43b6_bdeb_e46283152731
e65c90a1-3f57-498e-ac68-b926257d3086,28,2017-11-19 21:50:00.0,b4abe576_cab4_4cc5_a620_94f9c3de779c
e83e473b-7e4b-41c5-b5b7-d2acc3529415,49,2017-11-19 21:50:00.0,8b152745_a98d_482d_a4bd_b624a03aa930
e8dc2d26-45ec-423c-a8d5-44f7248c1250,58,2017-11-19 21:50:00.0,9f4e4166_484c_4420_9067_96f2d74bcb6a
ee7481b0-f966-4477-b60d-92e628dcc5db,43,2017-11-19 21:50:00.0,246fbf06_4780_4e54_9fdf_9b597e714db8
ef2d2564-a6b8-43d0-a933-bb48847897ba,8,2017-11-19 21:50:00.0,3939d7ca_b788_476c_84b5_8269f5ad036d
ef394544-8ea8-42fc-8c3b-58ec10c12096,89,2017-11-19 21:50:00.0,c55f7ed6_f56a_4625_b8bd_eeb3c0bd5c5d
efaaeadd-634c-4fc6-98b4-a7f139fb8275,51,2017-11-19 21:50:00.0,54c413d1_24f2_4d83_b422_d6ae56b09a06
f0634465-e29a-4807-aee4-4c701606d736,45,2017-11-19 21:50:00.0,a459e60a_326e_4c17_b71c_1d9017d33a34
f0d9390b-9db3-42b0-8fa9-6764d451102e,100,2017-11-19 21:50:00.0,108553d5_3006_4aa8_889c_994f3f05e081
f236ee1f-9629-4b51-9b38-019350f0a63b,21,2017-11-19 21:50:00.0,e3de810d_913d_4010_9b1e_606d26980a31
f3da890a-ff86-4c94-803c-bb837d7cf5b4,58,2017-11-19 21:50:00.0,5f404708_c7d8_4344_b905_71596f559601
f6bcaa15-7820-43a5-b74a-3f89b0810e5b,17,2017-11-19 21:50:00.0,af358513_eb04_4ecd_84b8_351ff26ac728
fa3db131-61ab-4927-a772-a8d98981b7fe,1,2017-11-19 21:50:00.0,d939aaa7_856a_45d0_b301_e7e0d37b7b45
fb0a16c2-43f4-45d5-a76b-1d248fe561ab,5,2017-11-19 21:50:00.0,a09d0b20_9fb0_4c00_8a9a_f62168aff775
fbf72de1-1a5f-4d74-908c-9e931af1b6da,5,2017-11-19 21:50:00.0,3910fb74_ec07_4420_9c71_14e4151101b7
fc735261-4d95-41a0-a903-3683c6922861,81,2017-11-19 21:50:00.0,0e511b03_79b1_4eb3_9ca2_9cdaddba62d3
fdf7eb67-9939-414f-ba0b-b668f0e7df39,51,2017-11-19 21:50:00.0,e0e5b92d_d6db_4925_91b0_6bb5fab11f15
fe077212-a758-4c78-bda9-381ccc93616d,97,2017-11-19 21:50:00.0,35631b1d_6a68_4177_bc6e_b9760fa6418b
